#time (msec), membrane voltage (mV), stimulus level (nA), m, h, g_Na (uS)
    0.10,  -62.72,   0.0,    0.069,    0.515, 0.000677
    0.21,  -62.72,   0.0,    0.069,    0.515, 0.000677
    0.31,  -62.72,   0.0,    0.069,    0.515, 0.000677
    0.42,  -62.72,   0.0,    0.069,    0.515, 0.000677
    0.52,  -62.72,   0.0,    0.069,    0.515, 0.000677
    0.63,  -62.72,   0.0,    0.069,    0.515, 0.000677
    0.73,  -62.72,   0.0,    0.069,    0.515, 0.000677
    0.84,  -62.72,   0.0,    0.069,    0.515, 0.000677
    0.94,  -62.72,   0.0,    0.069,    0.515, 0.000677
    1.05,  -62.72,   0.0,    0.069,    0.515, 0.000677
    1.15,  -62.72,   0.0,    0.069,    0.515, 0.000677
    1.26,  -62.72,   0.0,    0.069,    0.515, 0.000677
    1.36,  -62.72,   0.0,    0.069,    0.515, 0.000677
    1.47,  -62.72,   0.0,    0.069,    0.515, 0.000677
    1.57,  -62.72,   0.0,    0.069,    0.515, 0.000677
    1.68,  -62.72,   0.0,    0.069,    0.515, 0.000677
    1.78,  -62.72,   0.0,    0.069,    0.515, 0.000677
    1.89,  -62.72,   0.0,    0.069,    0.515, 0.000677
    1.99,  -62.72,   0.0,    0.069,    0.515, 0.000677
    2.10,  -62.72,   0.0,    0.069,    0.515, 0.000677
    2.20,  -62.72,   0.0,    0.069,    0.515, 0.000677
    2.31,  -62.72,   0.0,    0.069,    0.515, 0.000677
    2.41,  -62.72,   0.0,    0.069,    0.515, 0.000677
    2.52,  -62.72,   0.0,    0.069,    0.515, 0.000677
    2.62,  -62.72,   0.0,    0.069,    0.515, 0.000677
    2.73,  -62.72,   0.0,    0.069,    0.515, 0.000677
    2.83,  -62.72,   0.0,    0.069,    0.515, 0.000677
    2.94,  -62.72,   0.0,    0.069,    0.515, 0.000677
    3.04,  -62.72,   0.0,    0.069,    0.515, 0.000677
    3.15,  -62.72,   0.0,    0.069,    0.515, 0.000677
    3.25,  -62.72,   0.0,    0.069,    0.515, 0.000677
    3.36,  -62.72,   0.0,    0.069,    0.515, 0.000677
    3.46,  -62.72,   0.0,    0.069,    0.515, 0.000677
    3.57,  -62.72,   0.0,    0.069,    0.515, 0.000677
    3.67,  -62.72,   0.0,    0.069,    0.515, 0.000677
    3.77,  -62.72,   0.0,    0.069,    0.515, 0.000677
    3.88,  -62.72,   0.0,    0.069,    0.515, 0.000677
    3.98,  -62.72,   0.0,    0.069,    0.515, 0.000677
    4.09,  -62.72,   0.0,    0.069,    0.515, 0.000677
    4.19,  -62.72,   0.0,    0.069,    0.515, 0.000677
    4.30,  -62.72,   0.0,    0.069,    0.515, 0.000677
    4.40,  -62.72,   0.0,    0.069,    0.515, 0.000677
    4.51,  -62.72,   0.0,    0.069,    0.515, 0.000677
    4.61,  -62.72,   0.0,    0.069,    0.515, 0.000677
    4.72,  -62.72,   0.0,    0.069,    0.515, 0.000677
    4.82,  -62.72,   0.0,    0.069,    0.515, 0.000677
    4.93,  -62.72,   0.0,    0.069,    0.515, 0.000677
    5.03,  -62.72,   0.0,    0.069,    0.515, 0.000677
    5.14,  -62.72,   0.0,    0.069,    0.515, 0.000677
    5.24,  -62.72,   0.0,    0.069,    0.515, 0.000676
    5.35,  -62.72,   0.0,    0.069,    0.515, 0.000676
    5.45,  -61.67,  10.0,    0.069,    0.515, 0.000676
    5.56,  -60.66,  10.0,   0.0733,    0.514, 0.000811
    5.66,  -59.66,  10.0,   0.0799,    0.513,  0.00104
    5.77,  -58.64,  10.0,   0.0878,     0.51,  0.00138
    5.87,  -57.56,  10.0,   0.0969,    0.507,  0.00185
    5.98,  -56.37,  10.0,    0.107,    0.504,   0.0025
    6.08,  -55.01,  10.0,     0.12,    0.499,  0.00343
    6.19,  -53.36,  10.0,    0.135,    0.493,  0.00481
    6.29,  -51.21,  10.0,    0.153,    0.485,  0.00699
    6.40,  -48.16,  10.0,    0.178,    0.476,   0.0108
    6.50,  -44.31,   0.0,    0.215,    0.463,   0.0183
    6.61,  -36.60,   0.0,    0.267,    0.444,   0.0337
    6.66,  -30.88,   0.0,    0.316,    0.429,    0.054
    6.68,  -27.37,   0.0,    0.349,    0.419,    0.071
    6.71,  -22.79,   0.0,    0.386,    0.408,   0.0941
    6.74,  -16.90,   0.0,     0.43,    0.396,    0.126
    6.75,  -13.78,   0.0,    0.456,     0.39,    0.148
    6.76,  -10.27,   0.0,    0.484,    0.383,    0.173
    6.78,   -6.37,   0.0,    0.513,    0.376,    0.203
    6.79,   -2.09,   0.0,    0.545,    0.369,    0.239
    6.80,    2.50,   0.0,    0.577,    0.362,    0.279
    6.82,    7.33,   0.0,    0.612,    0.355,    0.325
    6.83,   12.26,   0.0,    0.646,    0.348,    0.376
    6.84,   17.13,   0.0,    0.681,    0.342,    0.432
    6.86,   21.75,   0.0,    0.716,    0.335,    0.492
    6.87,   25.95,   0.0,    0.749,    0.328,    0.552
    6.88,   29.58,   0.0,     0.78,    0.322,    0.612
    6.89,   32.57,   0.0,    0.809,    0.316,    0.669
    6.92,   37.55,   0.0,     0.86,    0.304,    0.771
    6.95,   39.08,   0.0,    0.899,    0.292,    0.848
    6.97,   38.90,   0.0,    0.928,     0.28,    0.896
    7.00,   37.99,   0.0,    0.948,    0.269,    0.919
    7.03,   36.73,   0.0,    0.963,    0.259,    0.924
    7.05,   35.26,   0.0,    0.973,    0.249,    0.916
    7.08,   33.63,   0.0,     0.98,    0.239,      0.9
    7.10,   31.88,   0.0,    0.985,     0.23,    0.878
    7.13,   30.03,   0.0,    0.988,    0.221,    0.852
    7.16,   28.11,   0.0,     0.99,    0.212,    0.825
    7.18,   26.12,   0.0,    0.992,    0.204,    0.797
    7.21,   24.09,   0.0,    0.993,    0.196,    0.769
    7.24,   22.02,   0.0,    0.994,    0.189,     0.74
    7.26,   19.92,   0.0,    0.994,    0.181,    0.712
    7.29,   17.82,   0.0,    0.994,    0.174,    0.685
    7.31,   15.70,   0.0,    0.994,    0.168,    0.658
    7.34,   13.59,   0.0,    0.993,    0.161,    0.632
    7.37,   11.49,   0.0,    0.993,    0.155,    0.607
    7.39,    9.40,   0.0,    0.992,    0.149,    0.582
    7.42,    7.32,   0.0,    0.991,    0.143,    0.558
    7.44,    5.27,   0.0,     0.99,    0.138,    0.535
    7.47,    3.24,   0.0,    0.989,    0.133,    0.513
    7.50,    1.23,   0.0,    0.987,    0.128,    0.492
    7.52,   -0.75,   0.0,    0.986,    0.123,    0.471
    7.55,   -2.71,   0.0,    0.984,    0.118,    0.451
    7.58,   -4.64,   0.0,    0.981,    0.114,    0.431
    7.60,   -6.54,   0.0,    0.979,     0.11,    0.412
    7.63,   -8.41,   0.0,    0.976,    0.106,    0.394
    7.65,  -10.25,   0.0,    0.972,    0.102,    0.376
    7.68,  -12.07,   0.0,    0.969,   0.0988,    0.359
    7.71,  -13.86,   0.0,    0.964,   0.0954,    0.342
    7.73,  -15.62,   0.0,     0.96,   0.0923,    0.326
    7.76,  -17.36,   0.0,    0.954,   0.0894,    0.311
    7.79,  -19.07,   0.0,    0.948,   0.0866,    0.295
    7.81,  -20.76,   0.0,    0.942,   0.0841,    0.281
    7.84,  -22.43,   0.0,    0.934,   0.0817,    0.267
    7.86,  -24.08,   0.0,    0.926,   0.0795,    0.253
    7.89,  -25.72,   0.0,    0.917,   0.0775,    0.239
    7.92,  -27.35,   0.0,    0.907,   0.0757,    0.226
    7.94,  -28.96,   0.0,    0.896,   0.0741,    0.213
    8.00,  -33.67,   0.0,    0.873,   0.0712,    0.189
    8.05,  -37.13,   0.0,    0.839,   0.0693,    0.164
    8.10,  -40.68,   0.0,    0.799,   0.0681,    0.139
    8.15,  -44.41,   0.0,    0.751,   0.0677,    0.115
    8.21,  -48.37,   0.0,    0.693,    0.068,   0.0908
    8.26,  -52.59,   0.0,    0.625,   0.0692,   0.0676
    8.31,  -56.94,   0.0,    0.545,   0.0711,    0.046
    8.36,  -61.16,   0.0,    0.454,    0.074,   0.0277
    8.41,  -64.84,   0.0,    0.357,   0.0778,   0.0142
    8.52,  -71.52,   0.0,    0.187,   0.0872,  0.00227
    8.62,  -71.60,   0.0,    0.067,    0.101, 0.000121
    8.73,  -71.61,   0.0,    0.035,    0.114, 1.96e-05
    8.83,  -71.58,   0.0,   0.0266,    0.127, 9.61e-06
    8.94,  -71.54,   0.0,   0.0245,     0.14, 8.24e-06
    9.04,  -71.50,   0.0,    0.024,    0.152, 8.47e-06
    9.15,  -71.45,   0.0,    0.024,    0.165, 9.11e-06
    9.25,  -71.41,   0.0,   0.0241,    0.177, 9.88e-06
    9.36,  -71.36,   0.0,   0.0242,    0.188, 1.07e-05
    9.46,  -71.31,   0.0,   0.0244,      0.2, 1.16e-05
    9.57,  -71.25,   0.0,   0.0245,    0.211, 1.24e-05
    9.67,  -71.20,   0.0,   0.0247,    0.222, 1.33e-05
    9.78,  -71.14,   0.0,   0.0248,    0.233, 1.43e-05
    9.88,  -71.08,   0.0,    0.025,    0.243, 1.52e-05
    9.99,  -71.02,   0.0,   0.0252,    0.253, 1.62e-05
   10.09,  -70.95,   0.0,   0.0254,    0.263, 1.73e-05
   10.20,  -70.88,   0.0,   0.0256,    0.273, 1.83e-05
   10.30,  -70.81,   0.0,   0.0258,    0.283, 1.95e-05
   10.41,  -70.74,   0.0,    0.026,    0.292, 2.06e-05
   10.51,  -70.66,   0.0,   0.0263,    0.301, 2.19e-05
   10.62,  -70.59,   0.0,   0.0265,     0.31, 2.31e-05
   10.72,  -70.50,   0.0,   0.0268,    0.319, 2.45e-05
   10.83,  -70.42,   0.0,    0.027,    0.327, 2.59e-05
   10.93,  -70.34,   0.0,   0.0273,    0.335, 2.73e-05
   11.04,  -70.25,   0.0,   0.0276,    0.343, 2.89e-05
   11.14,  -70.16,   0.0,   0.0279,    0.351, 3.05e-05
   11.25,  -70.07,   0.0,   0.0282,    0.359, 3.22e-05
   11.35,  -69.97,   0.0,   0.0285,    0.366,  3.4e-05
   11.46,  -69.88,   0.0,   0.0289,    0.374, 3.59e-05
   11.56,  -69.78,   0.0,   0.0292,    0.381, 3.79e-05
   11.67,  -69.68,   0.0,   0.0295,    0.387,    4e-05
   11.77,  -69.58,   0.0,   0.0299,    0.394, 4.22e-05
   11.88,  -69.47,   0.0,   0.0303,    0.401, 4.45e-05
   11.98,  -69.37,   0.0,   0.0307,    0.407, 4.69e-05
   12.08,  -69.26,   0.0,   0.0311,    0.413, 4.95e-05
   12.19,  -69.15,   0.0,   0.0315,    0.419, 5.22e-05
   12.29,  -69.04,   0.0,   0.0319,    0.425,  5.5e-05
   12.40,  -68.93,   0.0,   0.0323,     0.43,  5.8e-05
   12.50,  -68.82,   0.0,   0.0327,    0.436, 6.12e-05
   12.61,  -68.71,   0.0,   0.0332,    0.441, 6.45e-05
   12.71,  -68.59,   0.0,   0.0336,    0.446,  6.8e-05
   12.82,  -68.48,   0.0,   0.0341,    0.451, 7.16e-05
   12.92,  -68.36,   0.0,   0.0346,    0.456, 7.55e-05
   13.03,  -68.25,   0.0,   0.0351,     0.46, 7.95e-05
   13.13,  -68.13,   0.0,   0.0356,    0.465, 8.38e-05
   13.24,  -68.01,   0.0,   0.0361,    0.469, 8.82e-05
   13.34,  -67.89,   0.0,   0.0366,    0.473, 9.29e-05
   13.45,  -67.77,   0.0,   0.0371,    0.477, 9.78e-05
   13.55,  -66.60,  10.0,   0.0377,    0.481, 0.000103
   13.66,  -65.52,  10.0,   0.0413,    0.484, 0.000137
   13.76,  -64.52,  10.0,   0.0462,    0.487, 0.000192
   13.87,  -63.57,  10.0,   0.0517,    0.488, 0.000269
   13.97,  -62.67,  10.0,   0.0575,    0.489, 0.000372
   14.08,  -61.79,  10.0,   0.0636,     0.49, 0.000505
   14.18,  -60.94,  10.0,   0.0701,     0.49, 0.000675
   14.29,  -60.09,  10.0,    0.077,    0.489, 0.000892
   14.39,  -59.24,  10.0,   0.0843,    0.487,  0.00117
   14.50,  -58.35,  10.0,   0.0922,    0.485,  0.00152
   14.60,  -58.45,   0.0,    0.101,    0.483,  0.00198
   14.71,  -58.47,   0.0,    0.105,     0.48,  0.00224
   14.81,  -58.45,   0.0,    0.108,    0.478,  0.00238
   14.92,  -58.43,   0.0,    0.109,    0.475,  0.00246
   15.02,  -58.40,   0.0,     0.11,    0.473,  0.00251
   15.13,  -58.38,   0.0,    0.111,    0.471,  0.00254
   15.23,  -58.37,   0.0,    0.111,    0.468,  0.00256
   15.34,  -58.38,   0.0,    0.111,    0.466,  0.00257
   15.44,  -58.39,   0.0,    0.111,    0.464,  0.00257
   15.55,  -58.43,   0.0,    0.111,    0.462,  0.00256
   15.65,  -58.48,   0.0,    0.111,     0.46,  0.00253
   15.75,  -58.55,   0.0,    0.111,    0.458,   0.0025
   15.86,  -58.64,   0.0,     0.11,    0.456,  0.00245
   15.96,  -58.76,   0.0,     0.11,    0.454,  0.00239
   16.07,  -58.89,   0.0,    0.108,    0.452,  0.00231
   16.17,  -59.05,   0.0,    0.107,    0.451,  0.00222
   16.28,  -59.24,   0.0,    0.106,    0.449,  0.00212
   16.38,  -59.45,   0.0,    0.104,    0.448,  0.00201
   16.49,  -59.68,   0.0,    0.102,    0.447,  0.00189
   16.59,  -59.93,   0.0,   0.0996,    0.446,  0.00177
   16.70,  -60.20,   0.0,   0.0972,    0.446,  0.00164
   16.80,  -60.48,   0.0,   0.0946,    0.445,  0.00151
   16.91,  -60.78,   0.0,   0.0918,    0.445,  0.00138
   17.01,  -61.08,   0.0,    0.089,    0.445,  0.00126
   17.12,  -61.39,   0.0,   0.0861,    0.445,  0.00114
   17.22,  -61.69,   0.0,   0.0833,    0.446,  0.00103
   17.33,  -61.99,   0.0,   0.0804,    0.446, 0.000929
   17.43,  -62.29,   0.0,   0.0777,    0.447, 0.000838
   17.54,  -62.57,   0.0,   0.0751,    0.448, 0.000758
   17.64,  -62.84,   0.0,   0.0726,    0.449, 0.000687
   17.75,  -63.09,   0.0,   0.0702,    0.451, 0.000625
   17.85,  -63.32,   0.0,   0.0681,    0.452, 0.000571
   17.96,  -63.54,   0.0,   0.0661,    0.454, 0.000525
   18.06,  -63.74,   0.0,   0.0643,    0.455, 0.000485
   18.17,  -63.92,   0.0,   0.0627,    0.457, 0.000451
   18.27,  -64.09,   0.0,   0.0613,    0.459, 0.000422
   18.38,  -64.24,   0.0,     0.06,    0.461, 0.000398
   18.48,  -64.37,   0.0,   0.0588,    0.463, 0.000377
   18.59,  -64.48,   0.0,   0.0578,    0.465,  0.00036
   18.69,  -64.58,   0.0,    0.057,    0.467, 0.000345
   18.80,  -64.67,   0.0,   0.0562,    0.469, 0.000333
   18.90,  -64.74,   0.0,   0.0556,    0.471, 0.000323
   19.01,  -64.80,   0.0,    0.055,    0.474, 0.000315
   19.11,  -64.85,   0.0,   0.0545,    0.476, 0.000309
   19.22,  -64.89,   0.0,   0.0542,    0.478, 0.000304
   19.32,  -64.92,   0.0,   0.0539,     0.48,   0.0003
   19.42,  -64.94,   0.0,   0.0536,    0.482, 0.000297
   19.53,  -64.95,   0.0,   0.0534,    0.484, 0.000295
   19.63,  -64.96,   0.0,   0.0533,    0.486, 0.000295
   19.74,  -64.96,   0.0,   0.0532,    0.488, 0.000295
   19.84,  -64.95,   0.0,   0.0532,     0.49, 0.000295
   19.95,  -64.94,   0.0,   0.0532,    0.492, 0.000297
   20.05,  -64.92,   0.0,   0.0533,    0.494, 0.000299
   20.16,  -64.89,   0.0,   0.0534,    0.496, 0.000302
   20.26,  -64.86,   0.0,   0.0535,    0.497, 0.000305
   20.37,  -64.83,   0.0,   0.0537,    0.499, 0.000309
   20.47,  -64.79,   0.0,   0.0539,    0.501, 0.000313
   20.58,  -64.75,   0.0,   0.0541,    0.502, 0.000318
   20.68,  -64.71,   0.0,   0.0543,    0.504, 0.000323
   20.79,  -64.67,   0.0,   0.0546,    0.506, 0.000328
   20.89,  -64.62,   0.0,   0.0548,    0.507, 0.000334
   21.00,  -64.57,   0.0,   0.0551,    0.508, 0.000341
   21.10,  -64.51,   0.0,   0.0554,     0.51, 0.000348
   21.21,  -64.46,   0.0,   0.0558,    0.511, 0.000355
   21.31,  -64.40,   0.0,   0.0561,    0.512, 0.000362
   21.42,  -64.35,   0.0,   0.0565,    0.513,  0.00037
   21.52,  -64.29,   0.0,   0.0569,    0.514, 0.000378
   21.63,  -64.23,   0.0,   0.0572,    0.516, 0.000387
   21.73,  -64.17,   0.0,   0.0576,    0.517, 0.000395
   21.84,  -64.11,   0.0,    0.058,    0.517, 0.000404
   21.94,  -64.04,   0.0,   0.0584,    0.518, 0.000414
   22.05,  -63.98,   0.0,   0.0589,    0.519, 0.000423
   22.15,  -63.92,   0.0,   0.0593,     0.52, 0.000433
   22.26,  -63.85,   0.0,   0.0597,    0.521, 0.000444
   22.36,  -63.79,   0.0,   0.0602,    0.521, 0.000454
   22.47,  -63.73,   0.0,   0.0606,    0.522, 0.000465
   22.57,  -63.66,   0.0,   0.0611,    0.522, 0.000476
   22.68,  -63.60,   0.0,   0.0615,    0.523, 0.000487
   22.78,  -63.53,   0.0,    0.062,    0.523, 0.000498
   22.89,  -63.47,   0.0,   0.0624,    0.524, 0.000509
   22.99,  -63.41,   0.0,   0.0629,    0.524, 0.000521
   23.09,  -63.34,   0.0,   0.0633,    0.524, 0.000533
   23.20,  -63.28,   0.0,   0.0638,    0.525, 0.000545
   23.30,  -63.22,   0.0,   0.0643,    0.525, 0.000557
   23.41,  -63.16,   0.0,   0.0647,    0.525,  0.00057
   23.51,  -63.10,   0.0,   0.0652,    0.525, 0.000582
   23.62,  -63.04,   0.0,   0.0657,    0.525, 0.000594
   23.72,  -62.98,   0.0,   0.0661,    0.525, 0.000607
   23.83,  -62.92,   0.0,   0.0666,    0.525,  0.00062
   23.93,  -62.86,   0.0,    0.067,    0.525, 0.000632
   24.04,  -62.81,   0.0,   0.0675,    0.525, 0.000645
   24.14,  -62.75,   0.0,   0.0679,    0.525, 0.000658
   24.25,  -62.70,   0.0,   0.0684,    0.525,  0.00067
   24.35,  -62.64,   0.0,   0.0688,    0.524, 0.000683
   24.46,  -62.59,   0.0,   0.0692,    0.524, 0.000695
   24.56,  -62.54,   0.0,   0.0696,    0.524, 0.000708
   24.67,  -62.49,   0.0,   0.0701,    0.524,  0.00072
   24.77,  -62.44,   0.0,   0.0705,    0.523, 0.000732
   24.88,  -62.40,   0.0,   0.0709,    0.523, 0.000744
   24.98,  -62.35,   0.0,   0.0712,    0.523, 0.000756
   25.09,  -62.31,   0.0,   0.0716,    0.522, 0.000767
   25.19,  -62.27,   0.0,    0.072,    0.522, 0.000778
   25.30,  -62.23,   0.0,   0.0723,    0.521, 0.000789
   25.40,  -62.19,   0.0,   0.0727,    0.521,   0.0008
   25.51,  -62.15,   0.0,    0.073,     0.52,  0.00081
   25.61,  -62.12,   0.0,   0.0733,     0.52, 0.000819
   25.72,  -62.09,   0.0,   0.0736,    0.519, 0.000829
   25.82,  -62.06,   0.0,   0.0739,    0.519, 0.000837
   25.93,  -62.03,   0.0,   0.0742,    0.518, 0.000846
   26.03,  -62.00,   0.0,   0.0744,    0.518, 0.000853
   26.14,  -61.98,   0.0,   0.0747,    0.517, 0.000861
   26.24,  -61.96,   0.0,   0.0749,    0.517, 0.000867
   26.35,  -61.94,   0.0,   0.0751,    0.516, 0.000873
   26.45,  -61.92,   0.0,   0.0752,    0.516, 0.000879
   26.56,  -61.91,   0.0,   0.0754,    0.515, 0.000883
   26.66,  -61.90,   0.0,   0.0755,    0.514, 0.000887
   26.76,  -61.89,   0.0,   0.0757,    0.514,  0.00089
   26.87,  -61.88,   0.0,   0.0758,    0.513, 0.000893
   26.97,  -61.88,   0.0,   0.0758,    0.513, 0.000895
   27.08,  -61.87,   0.0,   0.0759,    0.512, 0.000896
   27.18,  -61.88,   0.0,   0.0759,    0.512, 0.000896
   27.29,  -61.88,   0.0,    0.076,    0.511, 0.000896
   27.39,  -61.88,   0.0,   0.0759,    0.511, 0.000895
   27.50,  -61.89,   0.0,   0.0759,     0.51, 0.000893
   27.60,  -61.90,   0.0,   0.0759,     0.51,  0.00089
   27.71,  -61.92,   0.0,   0.0758,    0.509, 0.000887
   27.81,  -61.93,   0.0,   0.0757,    0.509, 0.000883
   27.92,  -61.95,   0.0,   0.0756,    0.508, 0.000878
   28.02,  -61.97,   0.0,   0.0755,    0.508, 0.000873
   28.13,  -61.99,   0.0,   0.0753,    0.507, 0.000867
   28.23,  -62.01,   0.0,   0.0752,    0.507, 0.000861
   28.34,  -62.04,   0.0,    0.075,    0.507, 0.000854
   28.44,  -62.07,   0.0,   0.0748,    0.506, 0.000847
   28.55,  -62.10,   0.0,   0.0746,    0.506, 0.000839
   28.65,  -62.13,   0.0,   0.0743,    0.506, 0.000831
   28.76,  -61.11,  10.0,   0.0741,    0.506, 0.000822
   28.86,  -60.13,  10.0,   0.0783,    0.505, 0.000969
   28.97,  -59.15,  10.0,   0.0848,    0.503,  0.00123
   29.07,  -58.15,  10.0,   0.0929,    0.501,   0.0016
   29.18,  -57.07,  10.0,    0.102,    0.497,  0.00212
   29.28,  -55.87,  10.0,    0.113,    0.493,  0.00285
   29.39,  -54.47,  10.0,    0.126,    0.488,  0.00389
   29.49,  -52.74,  10.0,    0.141,    0.482,  0.00544
   29.60,  -50.44,  10.0,    0.161,    0.474,  0.00795
   29.70,  -47.08,  10.0,    0.188,    0.464,   0.0124
   29.81,  -42.52,   0.0,    0.229,     0.45,   0.0216
   29.91,  -33.00,   0.0,     0.29,    0.429,   0.0418
   29.96,  -25.75,   0.0,     0.35,    0.412,   0.0704
   29.99,  -21.32,   0.0,    0.391,      0.4,   0.0954
   30.02,  -15.47,   0.0,    0.437,    0.388,     0.13
   30.03,  -12.38,   0.0,    0.464,    0.381,    0.153
   30.04,   -8.88,   0.0,    0.493,    0.375,     0.18
   30.05,   -4.99,   0.0,    0.523,    0.368,    0.211
   30.07,   -0.73,   0.0,    0.555,    0.361,    0.247
   30.08,    3.83,   0.0,    0.588,    0.354,    0.289
   30.09,    8.58,   0.0,    0.622,    0.348,    0.335
   30.11,   13.40,   0.0,    0.657,    0.341,    0.387
   30.12,   18.12,   0.0,    0.692,    0.334,    0.443
   30.13,   22.56,   0.0,    0.726,    0.328,    0.501
   30.15,   26.55,   0.0,    0.758,    0.321,     0.56
   30.16,   29.96,   0.0,    0.789,    0.315,    0.618
   30.19,   36.04,   0.0,    0.843,    0.303,    0.725
   30.21,   38.40,   0.0,    0.886,    0.291,     0.81
   30.24,   38.66,   0.0,    0.918,     0.28,    0.867
   30.26,   37.95,   0.0,    0.942,    0.269,    0.898
   30.29,   36.79,   0.0,    0.958,    0.258,    0.908
   30.32,   35.37,   0.0,    0.969,    0.248,    0.904
   30.34,   33.79,   0.0,    0.977,    0.239,    0.891
   30.37,   32.06,   0.0,    0.983,    0.229,    0.871
   30.40,   30.24,   0.0,    0.987,    0.221,    0.847
   30.42,   28.33,   0.0,    0.989,    0.212,    0.821
   30.45,   26.35,   0.0,    0.991,    0.204,    0.794
   30.47,   24.32,   0.0,    0.992,    0.196,    0.766
   30.50,   22.25,   0.0,    0.993,    0.188,    0.738
   30.53,   20.16,   0.0,    0.994,    0.181,     0.71
   30.55,   18.05,   0.0,    0.994,    0.174,    0.683
   30.58,   15.93,   0.0,    0.994,    0.167,    0.656
   30.61,   13.82,   0.0,    0.993,    0.161,     0.63
   30.63,   11.71,   0.0,    0.993,    0.155,    0.605
   30.66,    9.61,   0.0,    0.992,    0.149,    0.581
   30.68,    7.53,   0.0,    0.991,    0.143,    0.557
   30.71,    5.47,   0.0,     0.99,    0.138,    0.534
   30.74,    3.43,   0.0,    0.989,    0.132,    0.512
   30.76,    1.41,   0.0,    0.987,    0.127,    0.491
   30.79,   -0.58,   0.0,    0.986,    0.123,     0.47
   30.82,   -2.54,   0.0,    0.984,    0.118,     0.45
   30.84,   -4.47,   0.0,    0.981,    0.114,     0.43
   30.87,   -6.38,   0.0,    0.979,     0.11,    0.411
   30.89,   -8.26,   0.0,    0.976,    0.106,    0.393
   30.92,  -10.11,   0.0,    0.973,    0.102,    0.376
   30.95,  -11.93,   0.0,    0.969,   0.0985,    0.358
   30.97,  -13.72,   0.0,    0.965,   0.0952,    0.342
   31.00,  -15.49,   0.0,     0.96,   0.0921,    0.326
   31.02,  -17.23,   0.0,    0.955,   0.0891,     0.31
   31.05,  -18.95,   0.0,    0.949,   0.0864,    0.295
   31.08,  -20.65,   0.0,    0.942,   0.0838,     0.28
   31.10,  -22.32,   0.0,    0.935,   0.0815,    0.266
   31.13,  -23.98,   0.0,    0.927,   0.0793,    0.252
   31.16,  -25.61,   0.0,    0.918,   0.0773,    0.239
   31.18,  -27.24,   0.0,    0.908,   0.0755,    0.226
   31.21,  -28.86,   0.0,    0.897,   0.0738,    0.213
   31.26,  -33.57,   0.0,    0.874,   0.0709,    0.189
   31.31,  -37.03,   0.0,     0.84,    0.069,    0.164
   31.37,  -40.57,   0.0,      0.8,   0.0679,    0.139
   31.42,  -44.29,   0.0,    0.753,   0.0674,    0.115
   31.47,  -48.24,   0.0,    0.695,   0.0677,   0.0911
   31.52,  -52.44,   0.0,    0.627,   0.0688,    0.068
   31.58,  -56.79,   0.0,    0.548,   0.0708,   0.0465
   31.63,  -61.01,   0.0,    0.457,   0.0736,   0.0281
   31.68,  -64.71,   0.0,    0.361,   0.0774,   0.0145
   31.78,  -71.49,   0.0,    0.189,   0.0867,  0.00236
   31.89,  -71.60,   0.0,   0.0679,      0.1, 0.000126
   31.99,  -71.61,   0.0,   0.0353,    0.114,    2e-05
   32.10,  -71.58,   0.0,   0.0267,    0.127, 9.65e-06
   32.20,  -71.54,   0.0,   0.0245,    0.139, 8.23e-06
   32.31,  -71.50,   0.0,    0.024,    0.152, 8.45e-06
   32.41,  -71.45,   0.0,    0.024,    0.164, 9.09e-06
   32.52,  -71.41,   0.0,   0.0241,    0.176, 9.86e-06
   32.62,  -71.36,   0.0,   0.0242,    0.188, 1.07e-05
   32.73,  -71.31,   0.0,   0.0244,    0.199, 1.15e-05
   32.83,  -71.25,   0.0,   0.0245,    0.211, 1.24e-05
   32.94,  -71.20,   0.0,   0.0247,    0.222, 1.33e-05
   33.04,  -71.14,   0.0,   0.0248,    0.232, 1.43e-05
   33.15,  -71.08,   0.0,    0.025,    0.243, 1.52e-05
   33.25,  -71.01,   0.0,   0.0252,    0.253, 1.62e-05
   33.36,  -70.95,   0.0,   0.0254,    0.263, 1.73e-05
   33.46,  -70.88,   0.0,   0.0256,    0.273, 1.83e-05
   33.57,  -70.81,   0.0,   0.0258,    0.282, 1.95e-05
   33.67,  -70.74,   0.0,    0.026,    0.292, 2.06e-05
   33.78,  -70.66,   0.0,   0.0263,    0.301, 2.19e-05
   33.88,  -70.58,   0.0,   0.0265,     0.31, 2.31e-05
   33.99,  -70.50,   0.0,   0.0268,    0.318, 2.45e-05
   34.09,  -70.42,   0.0,    0.027,    0.327, 2.59e-05
   34.20,  -70.33,   0.0,   0.0273,    0.335, 2.73e-05
   34.30,  -70.25,   0.0,   0.0276,    0.343, 2.89e-05
   34.41,  -70.16,   0.0,   0.0279,    0.351, 3.05e-05
   34.51,  -70.07,   0.0,   0.0282,    0.359, 3.22e-05
   34.62,  -69.97,   0.0,   0.0285,    0.366,  3.4e-05
   34.72,  -69.88,   0.0,   0.0289,    0.373, 3.59e-05
   34.83,  -69.78,   0.0,   0.0292,     0.38, 3.79e-05
   34.93,  -69.68,   0.0,   0.0296,    0.387,    4e-05
   35.04,  -69.58,   0.0,   0.0299,    0.394, 4.22e-05
   35.14,  -69.47,   0.0,   0.0303,      0.4, 4.45e-05
   35.25,  -69.37,   0.0,   0.0307,    0.407, 4.69e-05
   35.35,  -69.26,   0.0,   0.0311,    0.413, 4.95e-05
   35.45,  -69.15,   0.0,   0.0315,    0.419, 5.22e-05
   35.56,  -69.04,   0.0,   0.0319,    0.424,  5.5e-05
   35.66,  -68.93,   0.0,   0.0323,     0.43,  5.8e-05
   35.77,  -68.82,   0.0,   0.0328,    0.435, 6.12e-05
   35.87,  -68.71,   0.0,   0.0332,    0.441, 6.45e-05
   35.98,  -68.59,   0.0,   0.0337,    0.446,  6.8e-05
   36.08,  -68.48,   0.0,   0.0341,    0.451, 7.17e-05
   36.19,  -68.36,   0.0,   0.0346,    0.455, 7.55e-05
   36.29,  -68.24,   0.0,   0.0351,     0.46, 7.96e-05
   36.40,  -68.12,   0.0,   0.0356,    0.464, 8.38e-05
   36.50,  -68.01,   0.0,   0.0361,    0.469, 8.83e-05
   36.61,  -67.89,   0.0,   0.0366,    0.473, 9.29e-05
   36.71,  -67.77,   0.0,   0.0372,    0.477, 9.79e-05
   36.82,  -67.65,   0.0,   0.0377,    0.481, 0.000103
   36.92,  -67.53,   0.0,   0.0382,    0.485, 0.000108
   37.03,  -67.41,   0.0,   0.0388,    0.488, 0.000114
   37.13,  -67.29,   0.0,   0.0394,    0.492,  0.00012
   37.24,  -67.17,   0.0,   0.0399,    0.495, 0.000126
   37.34,  -67.05,   0.0,   0.0405,    0.498, 0.000132
   37.45,  -66.93,   0.0,   0.0411,    0.501, 0.000139
   37.55,  -66.81,   0.0,   0.0417,    0.504, 0.000146
   37.66,  -66.69,   0.0,   0.0423,    0.507, 0.000153
   37.76,  -66.57,   0.0,   0.0429,     0.51, 0.000161
   37.87,  -66.45,   0.0,   0.0435,    0.512, 0.000169
   37.97,  -66.33,   0.0,   0.0442,    0.515, 0.000177
   38.08,  -66.21,   0.0,   0.0448,    0.517, 0.000186
   38.18,  -66.09,   0.0,   0.0454,    0.519, 0.000195
   38.29,  -65.97,   0.0,   0.0461,    0.521, 0.000204
   38.39,  -65.85,   0.0,   0.0467,    0.523, 0.000214
   38.50,  -65.73,   0.0,   0.0474,    0.525, 0.000223
   38.60,  -65.62,   0.0,    0.048,    0.527, 0.000234
   38.71,  -65.50,   0.0,   0.0487,    0.528, 0.000244
   38.81,  -65.39,   0.0,   0.0494,     0.53, 0.000255
   38.92,  -65.27,   0.0,   0.0501,    0.531, 0.000267
   39.02,  -65.16,   0.0,   0.0507,    0.533, 0.000279
   39.12,  -65.04,   0.0,   0.0514,    0.534, 0.000291
   39.23,  -64.93,   0.0,   0.0521,    0.535, 0.000303
   39.33,  -64.82,   0.0,   0.0528,    0.536, 0.000316
   39.44,  -64.71,   0.0,   0.0535,    0.537, 0.000329
   39.54,  -64.60,   0.0,   0.0542,    0.538, 0.000343
   39.65,  -64.49,   0.0,   0.0549,    0.539, 0.000357
   39.75,  -64.38,   0.0,   0.0556,     0.54, 0.000372
   39.86,  -63.23,  10.0,   0.0563,     0.54, 0.000387
   39.96,  -62.11,  10.0,    0.061,     0.54,  0.00049
   40.07,  -61.02,  10.0,   0.0675,    0.539, 0.000664
   40.17,  -59.93,  10.0,   0.0753,    0.538, 0.000917
   40.28,  -58.80,  10.0,   0.0841,    0.535,  0.00127
   40.38,  -57.60,  10.0,   0.0941,    0.532,  0.00177
   40.49,  -56.28,  10.0,    0.106,    0.527,  0.00249
   40.59,  -54.74,  10.0,    0.119,    0.522,  0.00353
   40.70,  -52.83,  10.0,    0.136,    0.515,  0.00515
   40.80,  -50.28,  10.0,    0.157,    0.506,  0.00785
   40.91,  -47.53,   0.0,    0.187,    0.495,   0.0129
   41.01,  -42.46,   0.0,    0.225,     0.48,   0.0218
   41.12,  -32.00,   0.0,    0.287,    0.458,   0.0434
   41.17,  -23.83,   0.0,    0.352,    0.438,   0.0762
   41.20,  -18.77,   0.0,    0.397,    0.425,    0.106
   41.22,  -12.04,   0.0,    0.448,    0.412,    0.148
   41.24,   -8.49,   0.0,    0.478,    0.404,    0.176
   41.25,   -4.49,   0.0,     0.51,    0.397,     0.21
   41.26,   -0.06,   0.0,    0.543,     0.39,    0.249
   41.27,    4.73,   0.0,    0.578,    0.382,    0.295
   41.29,    9.77,   0.0,    0.613,    0.375,    0.346
   41.30,   14.90,   0.0,     0.65,    0.368,    0.404
   41.31,   19.93,   0.0,    0.686,    0.361,    0.466
   41.33,   24.63,   0.0,    0.722,    0.354,    0.532
   41.34,   28.83,   0.0,    0.756,    0.347,    0.599
   41.35,   32.37,   0.0,    0.788,     0.34,    0.665
   41.37,   35.18,   0.0,    0.817,    0.333,    0.726
   41.39,   39.67,   0.0,    0.867,     0.32,    0.835
   41.42,   40.71,   0.0,    0.905,    0.308,    0.914
   41.44,   40.28,   0.0,    0.933,    0.296,    0.961
   41.47,   39.28,   0.0,    0.952,    0.284,    0.982
   41.50,   38.01,   0.0,    0.966,    0.273,    0.984
   41.52,   36.55,   0.0,    0.975,    0.263,    0.974
   41.55,   34.95,   0.0,    0.982,    0.252,    0.955
   41.58,   33.24,   0.0,    0.986,    0.243,     0.93
   41.60,   31.43,   0.0,    0.989,    0.233,    0.903
   41.63,   29.54,   0.0,    0.991,    0.224,    0.873
   41.65,   27.58,   0.0,    0.993,    0.215,    0.843
   41.68,   25.58,   0.0,    0.994,    0.207,    0.813
   41.71,   23.54,   0.0,    0.994,    0.199,    0.783
   41.73,   21.47,   0.0,    0.995,    0.191,    0.753
   41.76,   19.39,   0.0,    0.995,    0.184,    0.724
   41.79,   17.29,   0.0,    0.994,    0.177,    0.696
   41.81,   15.20,   0.0,    0.994,     0.17,    0.668
   41.84,   13.11,   0.0,    0.994,    0.163,    0.641
   41.86,   11.02,   0.0,    0.993,    0.157,    0.615
   41.89,    8.95,   0.0,    0.992,    0.151,     0.59
   41.92,    6.90,   0.0,    0.991,    0.145,    0.566
   41.94,    4.87,   0.0,     0.99,     0.14,    0.543
   41.97,    2.86,   0.0,    0.989,    0.135,     0.52
   42.00,    0.87,   0.0,    0.987,     0.13,    0.498
   42.02,   -1.09,   0.0,    0.985,    0.125,    0.477
   42.05,   -3.02,   0.0,    0.983,     0.12,    0.457
   42.07,   -4.93,   0.0,    0.981,    0.116,    0.437
   42.10,   -6.81,   0.0,    0.978,    0.112,    0.418
   42.13,   -8.66,   0.0,    0.975,    0.108,    0.399
   42.15,  -10.49,   0.0,    0.972,    0.104,    0.381
   42.18,  -12.29,   0.0,    0.968,      0.1,    0.364
   42.21,  -14.06,   0.0,    0.964,   0.0969,    0.347
   42.23,  -15.81,   0.0,    0.959,   0.0937,     0.33
   42.26,  -17.53,   0.0,    0.953,   0.0907,    0.315
   42.28,  -19.24,   0.0,    0.947,   0.0879,    0.299
   42.31,  -20.92,   0.0,    0.941,   0.0853,    0.284
   42.34,  -22.58,   0.0,    0.933,   0.0829,     0.27
   42.36,  -24.22,   0.0,    0.925,   0.0807,    0.256
   42.39,  -25.85,   0.0,    0.916,   0.0787,    0.242
   42.41,  -27.47,   0.0,    0.906,   0.0769,    0.229
   42.44,  -29.08,   0.0,    0.895,   0.0752,    0.216
   42.47,  -30.68,   0.0,    0.883,   0.0737,    0.203
   42.52,  -35.37,   0.0,    0.857,   0.0712,    0.179
   42.57,  -38.89,   0.0,     0.82,   0.0696,    0.154
   42.62,  -42.54,   0.0,    0.776,   0.0688,    0.129
   42.68,  -46.40,   0.0,    0.724,   0.0687,    0.104
   42.73,  -50.51,   0.0,    0.661,   0.0694,     0.08
   42.78,  -54.84,   0.0,    0.586,   0.0709,   0.0571
   42.83,  -59.20,   0.0,      0.5,   0.0733,   0.0366
   42.89,  -63.22,   0.0,    0.404,   0.0767,   0.0203
   42.94,  -66.48,   0.0,    0.308,    0.081,  0.00946
   43.04,  -71.71,   0.0,     0.15,   0.0913,  0.00122
   43.15,  -71.62,   0.0,   0.0561,    0.105, 7.39e-05
   43.25,  -71.61,   0.0,   0.0321,    0.118, 1.57e-05
   43.36,  -71.57,   0.0,   0.0259,    0.131, 9.09e-06
   43.46,  -71.54,   0.0,   0.0243,    0.144, 8.27e-06
   43.57,  -71.49,   0.0,    0.024,    0.156, 8.63e-06
   43.67,  -71.45,   0.0,    0.024,    0.168, 9.31e-06
   43.78,  -71.40,   0.0,   0.0241,     0.18, 1.01e-05
   43.88,  -71.35,   0.0,   0.0242,    0.192, 1.09e-05
   43.99,  -71.30,   0.0,   0.0244,    0.203, 1.18e-05
   44.09,  -71.25,   0.0,   0.0245,    0.215, 1.27e-05
   44.20,  -71.19,   0.0,   0.0247,    0.225, 1.36e-05
   44.30,  -71.13,   0.0,   0.0249,    0.236, 1.45e-05
   44.41,  -71.07,   0.0,    0.025,    0.247, 1.55e-05
   44.51,  -71.01,   0.0,   0.0252,    0.257, 1.65e-05
   44.62,  -70.94,   0.0,   0.0254,    0.267, 1.75e-05
   44.72,  -70.88,   0.0,   0.0256,    0.276, 1.86e-05
   44.83,  -70.80,   0.0,   0.0258,    0.286, 1.97e-05
   44.93,  -70.73,   0.0,   0.0261,    0.295, 2.09e-05
   45.04,  -70.66,   0.0,   0.0263,    0.304, 2.21e-05
   45.14,  -70.58,   0.0,   0.0265,    0.313, 2.34e-05
   45.25,  -70.50,   0.0,   0.0268,    0.322, 2.48e-05
   45.35,  -70.41,   0.0,   0.0271,     0.33, 2.62e-05
   45.46,  -70.33,   0.0,   0.0273,    0.338, 2.76e-05
   45.56,  -70.24,   0.0,   0.0276,    0.346, 2.92e-05
   45.67,  -70.15,   0.0,   0.0279,    0.354, 3.08e-05
   45.77,  -70.06,   0.0,   0.0282,    0.361, 3.25e-05
   45.88,  -69.96,   0.0,   0.0286,    0.369, 3.43e-05
   45.98,  -69.87,   0.0,   0.0289,    0.376, 3.62e-05
   46.08,  -69.77,   0.0,   0.0292,    0.383, 3.82e-05
   46.19,  -69.67,   0.0,   0.0296,     0.39, 4.03e-05
   46.29,  -69.57,   0.0,   0.0299,    0.396, 4.25e-05
   46.40,  -69.46,   0.0,   0.0303,    0.403, 4.49e-05
   46.50,  -69.36,   0.0,   0.0307,    0.409, 4.73e-05
   46.61,  -69.25,   0.0,   0.0311,    0.415, 4.99e-05
   46.71,  -69.14,   0.0,   0.0315,    0.421, 5.26e-05
   46.82,  -69.03,   0.0,   0.0319,    0.427, 5.55e-05
   46.92,  -68.92,   0.0,   0.0323,    0.432, 5.85e-05
   47.03,  -68.81,   0.0,   0.0328,    0.438, 6.17e-05
   47.13,  -68.70,   0.0,   0.0332,    0.443,  6.5e-05
   47.24,  -68.58,   0.0,   0.0337,    0.448, 6.85e-05
   47.34,  -68.47,   0.0,   0.0342,    0.453, 7.22e-05
   47.45,  -68.35,   0.0,   0.0346,    0.457, 7.61e-05
   47.55,  -68.23,   0.0,   0.0351,    0.462, 8.02e-05
   47.66,  -68.12,   0.0,   0.0356,    0.466, 8.44e-05
   47.76,  -68.00,   0.0,   0.0361,    0.471, 8.89e-05
   47.87,  -67.88,   0.0,   0.0367,    0.475, 9.36e-05
   47.97,  -67.76,   0.0,   0.0372,    0.479, 9.86e-05
   48.08,  -67.64,   0.0,   0.0377,    0.483, 0.000104
   48.18,  -67.52,   0.0,   0.0383,    0.486, 0.000109
   48.29,  -67.40,   0.0,   0.0388,     0.49, 0.000115
   48.39,  -67.28,   0.0,   0.0394,    0.493, 0.000121
   48.50,  -67.16,   0.0,     0.04,    0.497, 0.000127
   48.60,  -67.04,   0.0,   0.0406,      0.5, 0.000133
   48.71,  -66.92,   0.0,   0.0411,    0.503,  0.00014
   48.81,  -66.80,   0.0,   0.0417,    0.506, 0.000147
   48.92,  -66.68,   0.0,   0.0424,    0.508, 0.000154
   49.02,  -66.56,   0.0,    0.043,    0.511, 0.000162
   49.13,  -66.44,   0.0,   0.0436,    0.514,  0.00017
   49.23,  -66.32,   0.0,   0.0442,    0.516, 0.000178
   49.34,  -66.20,   0.0,   0.0448,    0.518, 0.000187
   49.44,  -66.08,   0.0,   0.0455,     0.52, 0.000196
   49.55,  -65.96,   0.0,   0.0461,    0.522, 0.000205
   49.65,  -65.84,   0.0,   0.0468,    0.524, 0.000215
   49.75,  -65.73,   0.0,   0.0474,    0.526, 0.000225
   49.86,  -65.61,   0.0,   0.0481,    0.528, 0.000235
   49.96,  -65.49,   0.0,   0.0488,     0.53, 0.000246
   50.07,  -65.38,   0.0,   0.0494,    0.531, 0.000257
   50.17,  -65.26,   0.0,   0.0501,    0.533, 0.000268
   50.28,  -65.15,   0.0,   0.0508,    0.534,  0.00028
   50.38,  -65.03,   0.0,   0.0515,    0.535, 0.000292
   50.49,  -64.92,   0.0,   0.0522,    0.536, 0.000305
   50.59,  -64.81,   0.0,   0.0529,    0.537, 0.000318
   50.70,  -64.70,   0.0,   0.0536,    0.538, 0.000331
   50.80,  -64.59,   0.0,   0.0543,    0.539, 0.000345
   50.91,  -64.48,   0.0,    0.055,     0.54, 0.000359
   51.01,  -64.37,   0.0,   0.0557,    0.541, 0.000374
   51.12,  -64.26,   0.0,   0.0564,    0.541, 0.000389
   51.22,  -64.16,   0.0,   0.0571,    0.542, 0.000404
   51.33,  -64.05,   0.0,   0.0578,    0.542,  0.00042
   51.43,  -63.95,   0.0,   0.0586,    0.543, 0.000436
   51.54,  -63.84,   0.0,   0.0593,    0.543, 0.000452
   51.64,  -63.74,   0.0,     0.06,    0.543, 0.000469
   51.75,  -63.64,   0.0,   0.0607,    0.543, 0.000486
   51.85,  -63.54,   0.0,   0.0614,    0.543, 0.000504
   51.96,  -63.44,   0.0,   0.0622,    0.543, 0.000522
   52.06,  -63.34,   0.0,   0.0629,    0.543,  0.00054
   52.17,  -63.24,   0.0,   0.0636,    0.543, 0.000559
   52.27,  -63.15,   0.0,   0.0643,    0.543, 0.000578
   52.38,  -63.05,   0.0,    0.065,    0.543, 0.000597
   52.48,  -62.96,   0.0,   0.0658,    0.543, 0.000617
   52.59,  -62.87,   0.0,   0.0665,    0.542, 0.000637
   52.69,  -62.78,   0.0,   0.0672,    0.542, 0.000657
   52.80,  -62.69,   0.0,   0.0679,    0.541, 0.000678
   52.90,  -62.60,   0.0,   0.0686,    0.541, 0.000698
   53.01,  -62.51,   0.0,   0.0693,     0.54, 0.000719
   53.11,  -62.43,   0.0,     0.07,     0.54,  0.00074
   53.22,  -62.34,   0.0,   0.0707,    0.539, 0.000761
   53.32,  -62.26,   0.0,   0.0714,    0.538, 0.000782
   53.42,  -62.18,   0.0,    0.072,    0.537, 0.000804
   53.53,  -62.10,   0.0,   0.0727,    0.537, 0.000825
   53.63,  -62.03,   0.0,   0.0734,    0.536, 0.000846
   53.74,  -61.95,   0.0,    0.074,    0.535, 0.000868
   53.84,  -61.88,   0.0,   0.0747,    0.534, 0.000889
   53.95,  -61.81,   0.0,   0.0753,    0.533,  0.00091
   54.05,  -61.74,   0.0,   0.0759,    0.532,  0.00093
   54.16,  -61.68,   0.0,   0.0765,    0.531, 0.000951
   54.26,  -61.62,   0.0,   0.0771,     0.53, 0.000971
   54.37,  -61.56,   0.0,   0.0776,    0.529,  0.00099
   54.47,  -61.50,   0.0,   0.0782,    0.528,  0.00101
   54.58,  -61.44,   0.0,   0.0787,    0.527,  0.00103
   54.68,  -61.39,   0.0,   0.0792,    0.526,  0.00105
   54.79,  -61.34,   0.0,   0.0797,    0.524,  0.00106
   54.89,  -61.30,   0.0,   0.0802,    0.523,  0.00108
   55.00,  -61.26,   0.0,   0.0806,    0.522,  0.00109
   55.10,  -61.22,   0.0,    0.081,    0.521,  0.00111
   55.21,  -61.18,   0.0,   0.0814,     0.52,  0.00112
   55.31,  -61.15,   0.0,   0.0818,    0.519,  0.00113
   55.42,  -61.12,   0.0,   0.0821,    0.517,  0.00114
   55.52,  -61.10,   0.0,   0.0824,    0.516,  0.00115
   55.63,  -61.08,   0.0,   0.0826,    0.515,  0.00116
   55.73,  -61.07,   0.0,   0.0828,    0.514,  0.00117
   55.84,  -61.06,   0.0,    0.083,    0.513,  0.00117
   55.94,  -61.06,   0.0,   0.0831,    0.512,  0.00118
   56.05,  -61.06,   0.0,   0.0832,     0.51,  0.00118
   56.15,  -61.06,   0.0,   0.0832,    0.509,  0.00118
   56.26,  -61.07,   0.0,   0.0832,    0.508,  0.00117
   56.36,  -61.09,   0.0,   0.0832,    0.507,  0.00117
   56.47,  -61.11,   0.0,   0.0831,    0.506,  0.00116
   56.57,  -61.14,   0.0,    0.083,    0.505,  0.00115
   56.68,  -61.17,   0.0,   0.0828,    0.504,  0.00114
   56.78,  -61.20,   0.0,   0.0825,    0.503,  0.00113
   56.89,  -61.25,   0.0,   0.0822,    0.503,  0.00112
   56.99,  -61.29,   0.0,   0.0819,    0.502,   0.0011
   57.09,  -61.34,   0.0,   0.0815,    0.501,  0.00109
   57.20,  -61.40,   0.0,   0.0811,      0.5,  0.00107
   57.30,  -61.46,   0.0,   0.0806,      0.5,  0.00105
   57.41,  -61.52,   0.0,   0.0801,    0.499,  0.00103
   57.51,  -61.59,   0.0,   0.0796,    0.499,  0.00101
   57.62,  -61.66,   0.0,    0.079,    0.498, 0.000984
   57.72,  -61.73,   0.0,   0.0784,    0.498, 0.000961
   57.83,  -61.81,   0.0,   0.0778,    0.497, 0.000938
   57.93,  -60.84,  10.0,   0.0772,    0.497, 0.000914
   58.04,  -59.91,  10.0,   0.0811,    0.496,  0.00106
   58.14,  -58.98,  10.0,   0.0873,    0.494,  0.00132
   58.25,  -58.02,  10.0,   0.0951,    0.492,  0.00169
   58.35,  -57.00,  10.0,    0.104,    0.489,   0.0022
   58.46,  -55.86,  10.0,    0.114,    0.485,  0.00291
   58.56,  -54.53,  10.0,    0.127,     0.48,   0.0039
   58.67,  -52.91,  10.0,    0.141,    0.474,  0.00537
   58.77,  -50.77,  10.0,     0.16,    0.467,   0.0077
   58.88,  -47.68,  10.0,    0.186,    0.457,   0.0117
   58.98,  -43.72,   0.0,    0.223,    0.444,   0.0197
   59.09,  -35.73,   0.0,    0.277,    0.426,   0.0361
   59.14,  -29.82,   0.0,    0.328,    0.411,   0.0578
   59.17,  -26.22,   0.0,    0.362,    0.401,    0.076
   59.19,  -21.52,   0.0,    0.401,     0.39,      0.1
   59.22,  -15.50,   0.0,    0.446,    0.378,    0.134
   59.23,  -12.36,   0.0,    0.472,    0.372,    0.157
   59.24,   -8.83,   0.0,    0.501,    0.365,    0.183
   59.26,   -4.93,   0.0,     0.53,    0.358,    0.214
   59.27,   -0.70,   0.0,    0.562,    0.352,     0.25
   59.28,    3.80,   0.0,    0.595,    0.345,     0.29
   59.30,    8.48,   0.0,    0.628,    0.339,    0.336
   59.31,   13.20,   0.0,    0.662,    0.332,    0.386
   59.32,   17.80,   0.0,    0.696,    0.326,     0.44
   59.34,   22.12,   0.0,    0.729,    0.319,    0.496
   59.35,   26.00,   0.0,    0.761,    0.313,    0.553
   59.36,   29.33,   0.0,    0.791,    0.307,    0.608
   59.39,   35.25,   0.0,    0.844,    0.295,    0.709
   59.41,   37.60,   0.0,    0.887,    0.284,    0.791
   59.44,   37.89,   0.0,    0.918,    0.273,    0.845
   59.47,   37.20,   0.0,    0.941,    0.262,    0.874
   59.49,   36.03,   0.0,    0.957,    0.252,    0.884
   59.52,   34.60,   0.0,    0.969,    0.242,     0.88
   59.55,   32.99,   0.0,    0.977,    0.233,    0.867
   59.57,   31.25,   0.0,    0.982,    0.224,    0.848
   59.60,   29.41,   0.0,    0.986,    0.215,    0.825
   59.62,   27.48,   0.0,    0.989,    0.207,    0.799
   59.65,   25.48,   0.0,    0.991,    0.198,    0.773
   59.68,   23.44,   0.0,    0.992,    0.191,    0.745
   59.70,   21.36,   0.0,    0.993,    0.183,    0.718
   59.73,   19.25,   0.0,    0.993,    0.176,    0.691
   59.76,   17.14,   0.0,    0.993,     0.17,    0.665
   59.78,   15.02,   0.0,    0.993,    0.163,    0.639
   59.81,   12.90,   0.0,    0.993,    0.157,    0.614
   59.83,   10.79,   0.0,    0.992,    0.151,    0.589
   59.86,    8.69,   0.0,    0.992,    0.145,    0.565
   59.89,    6.61,   0.0,    0.991,    0.139,    0.542
   59.91,    4.55,   0.0,     0.99,    0.134,     0.52
   59.94,    2.51,   0.0,    0.988,    0.129,    0.498
   59.97,    0.50,   0.0,    0.987,    0.124,    0.477
   59.99,   -1.48,   0.0,    0.985,     0.12,    0.457
   60.02,   -3.43,   0.0,    0.983,    0.115,    0.437
   60.04,   -5.36,   0.0,     0.98,    0.111,    0.418
   60.07,   -7.26,   0.0,    0.978,    0.107,      0.4
   60.10,   -9.13,   0.0,    0.974,    0.103,    0.382
   60.12,  -10.97,   0.0,    0.971,   0.0996,    0.365
   60.15,  -12.78,   0.0,    0.967,   0.0962,    0.348
   60.18,  -14.57,   0.0,    0.962,    0.093,    0.332
   60.20,  -16.33,   0.0,    0.957,     0.09,    0.316
   60.23,  -18.06,   0.0,    0.952,   0.0872,    0.301
   60.25,  -19.77,   0.0,    0.946,   0.0846,    0.286
   60.28,  -21.46,   0.0,    0.939,   0.0821,    0.272
   60.31,  -23.13,   0.0,    0.931,   0.0798,    0.258
   60.33,  -24.78,   0.0,    0.923,   0.0778,    0.244
   60.36,  -26.41,   0.0,    0.913,   0.0759,    0.231
   60.38,  -28.04,   0.0,    0.903,   0.0741,    0.218
   60.41,  -29.65,   0.0,    0.891,   0.0726,    0.206
   60.46,  -34.34,   0.0,    0.867,   0.0699,    0.182
   60.52,  -37.83,   0.0,    0.832,   0.0682,    0.157
   60.57,  -41.41,   0.0,     0.79,   0.0672,    0.133
   60.62,  -45.18,   0.0,    0.741,    0.067,    0.109
   60.67,  -49.18,   0.0,    0.681,   0.0675,   0.0852
   60.73,  -53.42,   0.0,     0.61,   0.0688,   0.0625
   60.78,  -57.76,   0.0,    0.528,   0.0709,   0.0417
   60.83,  -61.89,   0.0,    0.435,   0.0739,   0.0244
   60.88,  -65.41,   0.0,    0.339,   0.0779,   0.0121
   60.99,  -71.53,   0.0,    0.173,   0.0877,  0.00181
   61.09,  -71.60,   0.0,   0.0633,    0.101, 0.000102
   61.20,  -71.60,   0.0,   0.0341,    0.115, 1.81e-05
   61.30,  -71.57,   0.0,   0.0264,    0.128, 9.39e-06
   61.41,  -71.53,   0.0,   0.0245,     0.14, 8.22e-06
   61.51,  -71.49,   0.0,    0.024,    0.153, 8.49e-06
   61.62,  -71.44,   0.0,    0.024,    0.165, 9.15e-06
   61.72,  -71.40,   0.0,   0.0241,    0.177, 9.93e-06
   61.83,  -71.35,   0.0,   0.0242,    0.189, 1.08e-05
   61.93,  -71.30,   0.0,   0.0244,      0.2, 1.16e-05
   62.04,  -71.24,   0.0,   0.0245,    0.211, 1.25e-05
   62.14,  -71.19,   0.0,   0.0247,    0.222, 1.34e-05
   62.25,  -71.13,   0.0,   0.0249,    0.233, 1.43e-05
   62.35,  -71.07,   0.0,   0.0251,    0.244, 1.53e-05
   62.46,  -71.00,   0.0,   0.0252,    0.254, 1.63e-05
   62.56,  -70.94,   0.0,   0.0254,    0.264, 1.74e-05
   62.67,  -70.87,   0.0,   0.0256,    0.274, 1.85e-05
   62.77,  -70.80,   0.0,   0.0259,    0.283, 1.96e-05
   62.88,  -70.72,   0.0,   0.0261,    0.292, 2.08e-05
   62.98,  -70.65,   0.0,   0.0263,    0.301,  2.2e-05
   63.08,  -70.57,   0.0,   0.0266,     0.31, 2.33e-05
   63.19,  -70.49,   0.0,   0.0268,    0.319, 2.46e-05
   63.29,  -70.41,   0.0,   0.0271,    0.327,  2.6e-05
   63.40,  -70.32,   0.0,   0.0274,    0.336, 2.75e-05
   63.50,  -70.23,   0.0,   0.0277,    0.344, 2.91e-05
   63.61,  -70.14,   0.0,    0.028,    0.351, 3.07e-05
   63.71,  -70.05,   0.0,   0.0283,    0.359, 3.24e-05
   63.82,  -69.96,   0.0,   0.0286,    0.366, 3.42e-05
   63.92,  -69.86,   0.0,   0.0289,    0.374, 3.61e-05
   64.03,  -69.76,   0.0,   0.0293,    0.381, 3.81e-05
   64.13,  -69.66,   0.0,   0.0296,    0.387, 4.02e-05
   64.24,  -69.56,   0.0,     0.03,    0.394, 4.25e-05
   64.34,  -69.45,   0.0,   0.0304,    0.401, 4.48e-05
   64.45,  -69.35,   0.0,   0.0307,    0.407, 4.73e-05
   64.55,  -69.24,   0.0,   0.0311,    0.413, 4.98e-05
   64.66,  -69.13,   0.0,   0.0315,    0.419, 5.26e-05
   64.76,  -69.02,   0.0,    0.032,    0.425, 5.54e-05
   64.87,  -68.91,   0.0,   0.0324,     0.43, 5.85e-05
   64.97,  -68.80,   0.0,   0.0328,    0.436, 6.16e-05
   65.08,  -68.69,   0.0,   0.0333,    0.441,  6.5e-05
   65.18,  -68.57,   0.0,   0.0337,    0.446, 6.85e-05
   65.29,  -68.46,   0.0,   0.0342,    0.451, 7.22e-05
   65.39,  -68.34,   0.0,   0.0347,    0.456, 7.61e-05
   65.50,  -68.22,   0.0,   0.0352,     0.46, 8.02e-05
   65.60,  -68.10,   0.0,   0.0357,    0.465, 8.44e-05
   65.71,  -67.99,   0.0,   0.0362,    0.469, 8.89e-05
   65.81,  -67.87,   0.0,   0.0367,    0.473, 9.36e-05
   65.92,  -67.75,   0.0,   0.0372,    0.477, 9.86e-05
   66.02,  -67.63,   0.0,   0.0378,    0.481, 0.000104
   66.13,  -67.51,   0.0,   0.0383,    0.485, 0.000109
   66.23,  -67.39,   0.0,   0.0389,    0.488, 0.000115
   66.34,  -67.27,   0.0,   0.0395,    0.492, 0.000121
   66.44,  -67.15,   0.0,     0.04,    0.495, 0.000127
   66.55,  -67.03,   0.0,   0.0406,    0.498, 0.000133
   66.65,  -66.91,   0.0,   0.0412,    0.501,  0.00014
   66.75,  -66.79,   0.0,   0.0418,    0.504, 0.000147
   66.86,  -66.67,   0.0,   0.0424,    0.507, 0.000155
   66.96,  -66.55,   0.0,    0.043,     0.51, 0.000162
   67.07,  -66.43,   0.0,   0.0436,    0.512,  0.00017
   67.17,  -66.31,   0.0,   0.0443,    0.514, 0.000178
   67.28,  -66.19,   0.0,   0.0449,    0.517, 0.000187
   67.38,  -66.07,   0.0,   0.0455,    0.519, 0.000196
   67.49,  -65.95,   0.0,   0.0462,    0.521, 0.000205
   67.59,  -65.83,   0.0,   0.0468,    0.523, 0.000215
   67.70,  -65.72,   0.0,   0.0475,    0.525, 0.000225
   67.80,  -65.60,   0.0,   0.0482,    0.527, 0.000235
   67.91,  -65.48,   0.0,   0.0488,    0.528, 0.000246
   68.01,  -64.32,  10.0,   0.0495,     0.53, 0.000257
   68.12,  -63.21,  10.0,   0.0538,    0.531, 0.000331
   68.22,  -62.14,  10.0,   0.0598,    0.531, 0.000454
   68.33,  -61.09,  10.0,   0.0668,     0.53, 0.000633
   68.43,  -60.03,  10.0,   0.0747,    0.529,  0.00088
   68.54,  -58.95,  10.0,   0.0833,    0.526,  0.00122
   68.64,  -57.80,  10.0,    0.093,    0.523,  0.00168
   68.75,  -56.55,  10.0,    0.104,    0.519,  0.00233
   68.85,  -55.11,  10.0,    0.117,    0.514,  0.00327
   68.96,  -53.37,  10.0,    0.132,    0.508,  0.00469
   69.06,  -52.15,   0.0,    0.152,      0.5,  0.00697
   69.17,  -50.17,   0.0,    0.171,    0.491,   0.0099
   69.27,  -47.00,   0.0,    0.197,     0.48,   0.0147
   69.38,  -41.41,   0.0,    0.235,    0.465,   0.0243
   69.48,  -29.81,   0.0,    0.302,    0.442,   0.0489
   69.51,  -26.57,   0.0,    0.339,    0.431,    0.067
   69.53,  -22.16,   0.0,    0.379,     0.42,   0.0913
   69.56,  -16.33,   0.0,    0.425,    0.407,    0.125
   69.57,  -13.21,   0.0,    0.452,      0.4,    0.147
   69.59,   -9.67,   0.0,     0.48,    0.393,    0.174
   69.60,   -5.72,   0.0,    0.511,    0.386,    0.206
   69.61,   -1.36,   0.0,    0.543,    0.379,    0.242
   69.63,    3.33,   0.0,    0.576,    0.372,    0.285
   69.64,    8.27,   0.0,    0.611,    0.365,    0.333
   69.65,   13.31,   0.0,    0.647,    0.358,    0.387
   69.66,   18.27,   0.0,    0.682,    0.351,    0.446
   69.68,   22.96,   0.0,    0.718,    0.344,    0.508
   69.69,   27.19,   0.0,    0.751,    0.337,    0.572
   69.70,   30.82,   0.0,    0.783,    0.331,    0.634
   69.72,   33.76,   0.0,    0.812,    0.324,    0.694
   69.74,   38.58,   0.0,    0.862,    0.312,      0.8
   69.77,   39.91,   0.0,    0.902,      0.3,    0.878
   69.80,   39.62,   0.0,     0.93,    0.288,    0.926
   69.82,   38.67,   0.0,     0.95,    0.277,    0.949
   69.85,   37.40,   0.0,    0.964,    0.266,    0.953
   69.87,   35.94,   0.0,    0.974,    0.256,    0.944
   69.90,   34.33,   0.0,    0.981,    0.246,    0.926
   69.93,   32.59,   0.0,    0.985,    0.236,    0.903
   69.95,   30.76,   0.0,    0.989,    0.227,    0.877
   69.98,   28.86,   0.0,    0.991,    0.218,    0.849
   70.01,   26.88,   0.0,    0.992,     0.21,    0.819
   70.03,   24.86,   0.0,    0.993,    0.201,     0.79
   70.06,   22.81,   0.0,    0.994,    0.194,    0.761
   70.08,   20.73,   0.0,    0.994,    0.186,    0.732
   70.11,   18.63,   0.0,    0.994,    0.179,    0.704
   70.14,   16.53,   0.0,    0.994,    0.172,    0.676
   70.16,   14.42,   0.0,    0.994,    0.165,    0.649
   70.19,   12.32,   0.0,    0.993,    0.159,    0.623
   70.22,   10.23,   0.0,    0.993,    0.153,    0.598
   70.24,    8.16,   0.0,    0.992,    0.147,    0.574
   70.27,    6.10,   0.0,    0.991,    0.142,     0.55
   70.29,    4.07,   0.0,    0.989,    0.136,    0.528
   70.32,    2.06,   0.0,    0.988,    0.131,    0.505
   70.35,    0.08,   0.0,    0.986,    0.126,    0.484
   70.37,   -1.88,   0.0,    0.984,    0.121,    0.463
   70.40,   -3.82,   0.0,    0.982,    0.117,    0.443
   70.42,   -5.72,   0.0,     0.98,    0.113,    0.424
   70.45,   -7.60,   0.0,    0.977,    0.109,    0.405
   70.48,   -9.44,   0.0,    0.974,    0.105,    0.387
   70.50,  -11.27,   0.0,     0.97,    0.101,     0.37
   70.53,  -13.06,   0.0,    0.966,   0.0978,    0.353
   70.56,  -14.83,   0.0,    0.962,   0.0945,    0.336
   70.58,  -16.57,   0.0,    0.957,   0.0915,     0.32
   70.61,  -18.29,   0.0,    0.951,   0.0886,    0.305
   70.63,  -19.99,   0.0,    0.945,   0.0859,     0.29
   70.66,  -21.67,   0.0,    0.938,   0.0834,    0.275
   70.69,  -23.32,   0.0,     0.93,   0.0812,    0.261
   70.71,  -24.97,   0.0,    0.921,    0.079,    0.247
   70.74,  -26.59,   0.0,    0.912,   0.0771,    0.234
   70.77,  -28.21,   0.0,    0.901,   0.0754,    0.221
   70.79,  -29.82,   0.0,     0.89,   0.0738,    0.208
   70.84,  -34.52,   0.0,    0.865,   0.0711,    0.184
   70.90,  -38.00,   0.0,     0.83,   0.0694,    0.159
   70.95,  -41.59,   0.0,    0.788,   0.0684,    0.134
   71.00,  -45.39,   0.0,    0.738,   0.0681,    0.109
   71.05,  -49.43,   0.0,    0.678,   0.0687,   0.0854
   71.11,  -53.70,   0.0,    0.606,     0.07,   0.0623
   71.16,  -58.07,   0.0,    0.523,   0.0722,   0.0412
   71.21,  -62.20,   0.0,    0.429,   0.0752,   0.0238
   71.26,  -65.68,   0.0,    0.333,   0.0793,   0.0117
   71.37,  -71.63,   0.0,    0.167,   0.0892,  0.00167
   71.47,  -71.61,   0.0,   0.0612,    0.103, 9.41e-05
   71.58,  -71.61,   0.0,   0.0335,    0.116, 1.74e-05
   71.68,  -71.58,   0.0,   0.0262,    0.129, 9.32e-06
   71.79,  -71.54,   0.0,   0.0244,    0.142, 8.25e-06
   71.89,  -71.50,   0.0,    0.024,    0.154, 8.55e-06
   72.00,  -71.45,   0.0,    0.024,    0.167, 9.21e-06
   72.10,  -71.40,   0.0,   0.0241,    0.178, 9.99e-06
   72.21,  -71.36,   0.0,   0.0242,     0.19, 1.08e-05
   72.31,  -71.30,   0.0,   0.0244,    0.202, 1.17e-05
   72.42,  -71.25,   0.0,   0.0245,    0.213, 1.25e-05
   72.52,  -71.20,   0.0,   0.0247,    0.224, 1.34e-05
   72.63,  -71.14,   0.0,   0.0248,    0.234, 1.44e-05
   72.73,  -71.08,   0.0,    0.025,    0.245, 1.54e-05
   72.84,  -71.01,   0.0,   0.0252,    0.255, 1.64e-05
   72.94,  -70.95,   0.0,   0.0254,    0.265, 1.74e-05
   73.05,  -70.88,   0.0,   0.0256,    0.275, 1.85e-05
   73.15,  -70.81,   0.0,   0.0258,    0.284, 1.96e-05
   73.26,  -70.73,   0.0,   0.0261,    0.294, 2.08e-05
   73.36,  -70.66,   0.0,   0.0263,    0.303,  2.2e-05
   73.47,  -70.58,   0.0,   0.0265,    0.311, 2.33e-05
   73.57,  -70.50,   0.0,   0.0268,     0.32, 2.46e-05
   73.68,  -70.42,   0.0,   0.0271,    0.329,  2.6e-05
   73.78,  -70.33,   0.0,   0.0273,    0.337, 2.75e-05
   73.89,  -70.24,   0.0,   0.0276,    0.345,  2.9e-05
   73.99,  -70.15,   0.0,   0.0279,    0.353, 3.07e-05
   74.10,  -70.06,   0.0,   0.0282,     0.36, 3.24e-05
   74.20,  -69.97,   0.0,   0.0285,    0.367, 3.42e-05
   74.30,  -69.87,   0.0,   0.0289,    0.375, 3.61e-05
   74.41,  -69.77,   0.0,   0.0292,    0.382, 3.81e-05
   74.51,  -69.67,   0.0,   0.0296,    0.389, 4.01e-05
   74.62,  -69.57,   0.0,   0.0299,    0.395, 4.24e-05
   74.72,  -69.47,   0.0,   0.0303,    0.402, 4.47e-05
   74.83,  -69.36,   0.0,   0.0307,    0.408, 4.71e-05
   74.93,  -69.26,   0.0,   0.0311,    0.414, 4.97e-05
   75.04,  -69.15,   0.0,   0.0315,     0.42, 5.24e-05
   75.14,  -69.04,   0.0,   0.0319,    0.426, 5.53e-05
   75.25,  -68.93,   0.0,   0.0323,    0.431, 5.83e-05
   75.35,  -68.82,   0.0,   0.0328,    0.437, 6.14e-05
   75.46,  -68.70,   0.0,   0.0332,    0.442, 6.48e-05
   75.56,  -68.59,   0.0,   0.0337,    0.447, 6.82e-05
   75.67,  -68.47,   0.0,   0.0341,    0.452, 7.19e-05
   75.77,  -68.36,   0.0,   0.0346,    0.456, 7.58e-05
   75.88,  -68.24,   0.0,   0.0351,    0.461, 7.98e-05
   75.98,  -68.12,   0.0,   0.0356,    0.466, 8.41e-05
   76.09,  -68.00,   0.0,   0.0361,     0.47, 8.86e-05
   76.19,  -67.88,   0.0,   0.0366,    0.474, 9.33e-05
   76.30,  -67.76,   0.0,   0.0372,    0.478, 9.82e-05
   76.40,  -67.64,   0.0,   0.0377,    0.482, 0.000103
   76.51,  -67.52,   0.0,   0.0383,    0.485, 0.000109
   76.61,  -67.40,   0.0,   0.0388,    0.489, 0.000114
   76.72,  -67.28,   0.0,   0.0394,    0.492,  0.00012
   76.82,  -67.16,   0.0,     0.04,    0.496, 0.000126
   76.93,  -67.04,   0.0,   0.0405,    0.499, 0.000133
   77.03,  -66.92,   0.0,   0.0411,    0.502,  0.00014
   77.14,  -66.80,   0.0,   0.0417,    0.505, 0.000147
   77.24,  -66.68,   0.0,   0.0423,    0.508, 0.000154
   77.35,  -66.56,   0.0,   0.0429,     0.51, 0.000162
   77.45,  -66.44,   0.0,   0.0436,    0.513,  0.00017
   77.56,  -66.32,   0.0,   0.0442,    0.515, 0.000178
   77.66,  -66.20,   0.0,   0.0448,    0.518, 0.000186
   77.77,  -66.08,   0.0,   0.0455,     0.52, 0.000195
   77.87,  -65.97,   0.0,   0.0461,    0.522, 0.000204
   77.97,  -65.85,   0.0,   0.0468,    0.524, 0.000214
   78.08,  -65.73,   0.0,   0.0474,    0.526, 0.000224
   78.18,  -65.61,   0.0,   0.0481,    0.527, 0.000234
   78.29,  -65.50,   0.0,   0.0487,    0.529, 0.000245
   78.39,  -65.38,   0.0,   0.0494,    0.531, 0.000256
   78.50,  -65.27,   0.0,   0.0501,    0.532, 0.000267
   78.60,  -65.15,   0.0,   0.0508,    0.533, 0.000279
   78.71,  -65.04,   0.0,   0.0515,    0.535, 0.000291
   78.81,  -64.93,   0.0,   0.0522,    0.536, 0.000304
   78.92,  -64.82,   0.0,   0.0528,    0.537, 0.000317
   79.02,  -64.71,   0.0,   0.0535,    0.538,  0.00033
   79.13,  -64.60,   0.0,   0.0542,    0.539, 0.000344
   79.23,  -64.49,   0.0,    0.055,     0.54, 0.000358
   79.34,  -64.38,   0.0,   0.0557,     0.54, 0.000373
   79.44,  -64.27,   0.0,   0.0564,    0.541, 0.000388
   79.55,  -64.16,   0.0,   0.0571,    0.541, 0.000403
   79.65,  -64.06,   0.0,   0.0578,    0.542, 0.000419
   79.76,  -63.95,   0.0,   0.0585,    0.542, 0.000435
   79.86,  -63.85,   0.0,   0.0592,    0.543, 0.000451
   79.97,  -63.75,   0.0,     0.06,    0.543, 0.000468
   80.07,  -63.64,   0.0,   0.0607,    0.543, 0.000485
   80.18,  -63.54,   0.0,   0.0614,    0.543, 0.000503
   80.28,  -63.45,   0.0,   0.0621,    0.543, 0.000521
   80.39,  -63.35,   0.0,   0.0628,    0.543, 0.000539
   80.49,  -63.25,   0.0,   0.0636,    0.543, 0.000558
   80.60,  -63.15,   0.0,   0.0643,    0.543, 0.000577
   80.70,  -63.06,   0.0,    0.065,    0.543, 0.000596
   80.81,  -62.97,   0.0,   0.0657,    0.542, 0.000616
   80.91,  -62.87,   0.0,   0.0664,    0.542, 0.000635
   81.02,  -62.78,   0.0,   0.0671,    0.542, 0.000656
   81.12,  -62.69,   0.0,   0.0678,    0.541, 0.000676
   81.23,  -62.61,   0.0,   0.0686,    0.541, 0.000697
   81.33,  -62.52,   0.0,   0.0693,     0.54, 0.000717
   81.44,  -62.43,   0.0,   0.0699,    0.539, 0.000738
   81.54,  -62.35,   0.0,   0.0706,    0.539, 0.000759
   81.64,  -62.27,   0.0,   0.0713,    0.538, 0.000781
   81.75,  -62.19,   0.0,    0.072,    0.537, 0.000802
   81.85,  -62.11,   0.0,   0.0727,    0.536, 0.000823
   81.96,  -62.03,   0.0,   0.0733,    0.536, 0.000844
   82.06,  -61.96,   0.0,    0.074,    0.535, 0.000866
   82.17,  -61.89,   0.0,   0.0746,    0.534, 0.000887
   82.27,  -61.82,   0.0,   0.0752,    0.533, 0.000908
   82.38,  -61.75,   0.0,   0.0758,    0.532, 0.000928
   82.48,  -61.68,   0.0,   0.0764,    0.531, 0.000949
   82.59,  -61.62,   0.0,    0.077,     0.53, 0.000969
   82.69,  -61.56,   0.0,   0.0776,    0.529, 0.000988
   82.80,  -61.50,   0.0,   0.0781,    0.528,  0.00101
   82.90,  -61.45,   0.0,   0.0787,    0.527,  0.00103
   83.01,  -61.40,   0.0,   0.0792,    0.525,  0.00104
   83.11,  -61.35,   0.0,   0.0797,    0.524,  0.00106
   83.22,  -61.30,   0.0,   0.0801,    0.523,  0.00108
   83.32,  -61.26,   0.0,   0.0806,    0.522,  0.00109
   83.43,  -61.22,   0.0,    0.081,    0.521,  0.00111
   83.53,  -61.19,   0.0,   0.0814,     0.52,  0.00112
   83.64,  -61.16,   0.0,   0.0817,    0.518,  0.00113
   83.74,  -61.13,   0.0,    0.082,    0.517,  0.00114
   83.85,  -61.11,   0.0,   0.0823,    0.516,  0.00115
   83.95,  -61.09,   0.0,   0.0826,    0.515,  0.00116
   84.06,  -61.07,   0.0,   0.0828,    0.514,  0.00117
   84.16,  -61.06,   0.0,   0.0829,    0.513,  0.00117
   84.27,  -61.06,   0.0,   0.0831,    0.512,  0.00117
   84.37,  -61.06,   0.0,   0.0832,     0.51,  0.00117
   84.48,  -61.07,   0.0,   0.0832,    0.509,  0.00117
   84.58,  -61.08,   0.0,   0.0832,    0.508,  0.00117
   84.69,  -61.09,   0.0,   0.0832,    0.507,  0.00117
   84.79,  -61.11,   0.0,   0.0831,    0.506,  0.00116
   84.90,  -61.14,   0.0,   0.0829,    0.505,  0.00115
   85.00,  -61.17,   0.0,   0.0827,    0.504,  0.00114
   85.11,  -61.21,   0.0,   0.0825,    0.503,  0.00113
   85.21,  -61.25,   0.0,   0.0822,    0.503,  0.00112
   85.31,  -61.29,   0.0,   0.0819,    0.502,   0.0011
   85.42,  -61.34,   0.0,   0.0815,    0.501,  0.00109
   85.52,  -61.40,   0.0,   0.0811,      0.5,  0.00107
   85.63,  -61.46,   0.0,   0.0806,      0.5,  0.00105
   85.73,  -61.52,   0.0,   0.0801,    0.499,  0.00103
   85.84,  -61.59,   0.0,   0.0796,    0.499,  0.00101
   85.94,  -61.66,   0.0,    0.079,    0.498, 0.000984
   86.05,  -61.73,   0.0,   0.0785,    0.498, 0.000961
   86.15,  -61.81,   0.0,   0.0778,    0.497, 0.000938
   86.26,  -60.84,  10.0,   0.0772,    0.497, 0.000915
   86.36,  -59.91,  10.0,   0.0811,    0.496,  0.00106
   86.47,  -58.98,  10.0,   0.0874,    0.494,  0.00132
   86.57,  -58.02,  10.0,   0.0951,    0.492,  0.00169
   86.68,  -56.99,  10.0,    0.104,    0.489,  0.00221
   86.78,  -55.85,  10.0,    0.114,    0.485,  0.00291
   86.89,  -54.53,  10.0,    0.127,     0.48,  0.00391
   86.99,  -52.90,  10.0,    0.142,    0.474,  0.00538
   87.10,  -50.75,  10.0,     0.16,    0.467,  0.00771
   87.20,  -47.67,  10.0,    0.186,    0.457,   0.0118
   87.31,  -43.69,   0.0,    0.223,    0.444,   0.0198
   87.41,  -35.66,   0.0,    0.277,    0.426,   0.0363
   87.46,  -29.72,   0.0,    0.328,     0.41,   0.0581
   87.49,  -26.11,   0.0,    0.363,    0.401,   0.0764
   87.52,  -21.38,   0.0,    0.402,     0.39,    0.101
   87.54,  -15.34,   0.0,    0.447,    0.378,    0.135
   87.56,  -12.18,   0.0,    0.474,    0.371,    0.158
   87.57,   -8.64,   0.0,    0.502,    0.365,    0.185
   87.58,   -4.73,   0.0,    0.532,    0.358,    0.216
   87.60,   -0.49,   0.0,    0.563,    0.352,    0.251
   87.61,    4.03,   0.0,    0.596,    0.345,    0.292
   87.62,    8.71,   0.0,     0.63,    0.338,    0.338
   87.63,   13.43,   0.0,    0.664,    0.332,    0.388
   87.65,   18.02,   0.0,    0.698,    0.325,    0.442
   87.66,   22.32,   0.0,    0.731,    0.319,    0.499
   87.67,   26.18,   0.0,    0.763,    0.313,    0.555
   87.69,   29.47,   0.0,    0.792,    0.307,     0.61
   87.71,   35.32,   0.0,    0.845,    0.295,    0.712
   87.74,   37.63,   0.0,    0.887,    0.283,    0.792
   87.77,   37.89,   0.0,    0.919,    0.272,    0.846
   87.79,   37.18,   0.0,    0.942,    0.262,    0.874
   87.82,   36.00,   0.0,    0.958,    0.252,    0.884
   87.84,   34.57,   0.0,    0.969,    0.242,     0.88
   87.87,   32.96,   0.0,    0.977,    0.232,    0.867
   87.90,   31.22,   0.0,    0.983,    0.223,    0.847
   87.92,   29.37,   0.0,    0.986,    0.215,    0.824
   87.95,   27.43,   0.0,    0.989,    0.206,    0.799
   87.98,   25.44,   0.0,    0.991,    0.198,    0.772
   88.00,   23.39,   0.0,    0.992,    0.191,    0.745
   88.03,   21.31,   0.0,    0.993,    0.183,    0.718
   88.05,   19.21,   0.0,    0.993,    0.176,    0.691
   88.08,   17.09,   0.0,    0.993,    0.169,    0.664
   88.11,   14.97,   0.0,    0.993,    0.163,    0.638
   88.13,   12.85,   0.0,    0.993,    0.157,    0.613
   88.16,   10.74,   0.0,    0.992,    0.151,    0.589
   88.19,    8.64,   0.0,    0.992,    0.145,    0.565
   88.21,    6.56,   0.0,    0.991,    0.139,    0.542
   88.24,    4.51,   0.0,     0.99,    0.134,    0.519
   88.26,    2.47,   0.0,    0.988,    0.129,    0.498
   88.29,    0.46,   0.0,    0.987,    0.124,    0.477
   88.32,   -1.52,   0.0,    0.985,     0.12,    0.456
   88.34,   -3.48,   0.0,    0.983,    0.115,    0.437
   88.37,   -5.40,   0.0,     0.98,    0.111,    0.418
   88.39,   -7.30,   0.0,    0.977,    0.107,    0.399
   88.42,   -9.17,   0.0,    0.974,    0.103,    0.382
   88.45,  -11.01,   0.0,    0.971,   0.0996,    0.364
   88.47,  -12.82,   0.0,    0.967,   0.0962,    0.348
   88.50,  -14.61,   0.0,    0.962,    0.093,    0.331
   88.53,  -16.36,   0.0,    0.957,     0.09,    0.316
   88.55,  -18.10,   0.0,    0.952,   0.0871,    0.301
   88.58,  -19.81,   0.0,    0.946,   0.0845,    0.286
   88.60,  -21.50,   0.0,    0.939,   0.0821,    0.271
   88.63,  -23.16,   0.0,    0.931,   0.0798,    0.258
   88.66,  -24.81,   0.0,    0.922,   0.0777,    0.244
   88.68,  -26.45,   0.0,    0.913,   0.0758,    0.231
   88.71,  -28.07,   0.0,    0.903,   0.0741,    0.218
   88.74,  -29.68,   0.0,    0.891,   0.0726,    0.205
   88.79,  -34.37,   0.0,    0.866,   0.0699,    0.182
   88.84,  -37.87,   0.0,    0.832,   0.0682,    0.157
   88.89,  -41.45,   0.0,     0.79,   0.0672,    0.133
   88.95,  -45.22,   0.0,     0.74,    0.067,    0.109
   89.00,  -49.23,   0.0,     0.68,   0.0675,    0.085
   89.05,  -53.47,   0.0,    0.609,   0.0688,   0.0623
   89.10,  -57.80,   0.0,    0.527,   0.0709,   0.0415
   89.16,  -61.93,   0.0,    0.434,    0.074,   0.0242
   89.21,  -65.44,   0.0,    0.338,    0.078,    0.012
   89.31,  -71.53,   0.0,    0.172,   0.0877,  0.00179
   89.42,  -71.60,   0.0,   0.0631,    0.101, 0.000102
   89.52,  -71.60,   0.0,    0.034,    0.115,  1.8e-05
   89.63,  -71.57,   0.0,   0.0264,    0.128, 9.37e-06
   89.73,  -71.53,   0.0,   0.0245,     0.14, 8.22e-06
   89.84,  -71.49,   0.0,    0.024,    0.153,  8.5e-06
   89.94,  -71.44,   0.0,    0.024,    0.165, 9.16e-06
   90.05,  -71.40,   0.0,   0.0241,    0.177, 9.93e-06
   90.15,  -71.35,   0.0,   0.0242,    0.189, 1.08e-05
   90.26,  -71.30,   0.0,   0.0244,      0.2, 1.16e-05
   90.36,  -71.24,   0.0,   0.0245,    0.211, 1.25e-05
   90.47,  -71.19,   0.0,   0.0247,    0.222, 1.34e-05
   90.57,  -71.13,   0.0,   0.0249,    0.233, 1.44e-05
   90.68,  -71.07,   0.0,   0.0251,    0.244, 1.53e-05
   90.78,  -71.00,   0.0,   0.0252,    0.254, 1.63e-05
   90.89,  -70.94,   0.0,   0.0254,    0.264, 1.74e-05
   90.99,  -70.87,   0.0,   0.0256,    0.274, 1.85e-05
   91.10,  -70.80,   0.0,   0.0259,    0.283, 1.96e-05
   91.20,  -70.72,   0.0,   0.0261,    0.292, 2.08e-05
   91.30,  -70.65,   0.0,   0.0263,    0.301,  2.2e-05
   91.41,  -70.57,   0.0,   0.0266,     0.31, 2.33e-05
   91.51,  -70.49,   0.0,   0.0268,    0.319, 2.46e-05
   91.62,  -70.41,   0.0,   0.0271,    0.327,  2.6e-05
   91.72,  -70.32,   0.0,   0.0274,    0.336, 2.75e-05
   91.83,  -70.23,   0.0,   0.0277,    0.344, 2.91e-05
   91.93,  -70.14,   0.0,    0.028,    0.351, 3.07e-05
   92.04,  -70.05,   0.0,   0.0283,    0.359, 3.24e-05
   92.14,  -69.96,   0.0,   0.0286,    0.366, 3.42e-05
   92.25,  -69.86,   0.0,   0.0289,    0.374, 3.61e-05
   92.35,  -69.76,   0.0,   0.0293,    0.381, 3.81e-05
   92.46,  -69.66,   0.0,   0.0296,    0.388, 4.03e-05
   92.56,  -69.56,   0.0,     0.03,    0.394, 4.25e-05
   92.67,  -69.45,   0.0,   0.0304,    0.401, 4.48e-05
   92.77,  -69.35,   0.0,   0.0307,    0.407, 4.73e-05
   92.88,  -69.24,   0.0,   0.0311,    0.413, 4.99e-05
   92.98,  -69.13,   0.0,   0.0315,    0.419, 5.26e-05
   93.09,  -69.02,   0.0,    0.032,    0.425, 5.54e-05
   93.19,  -68.91,   0.0,   0.0324,     0.43, 5.85e-05
   93.30,  -68.80,   0.0,   0.0328,    0.436, 6.16e-05
   93.40,  -68.69,   0.0,   0.0333,    0.441,  6.5e-05
   93.51,  -68.57,   0.0,   0.0337,    0.446, 6.85e-05
   93.61,  -68.46,   0.0,   0.0342,    0.451, 7.22e-05
   93.72,  -68.34,   0.0,   0.0347,    0.456, 7.61e-05
   93.82,  -68.22,   0.0,   0.0352,     0.46, 8.02e-05
   93.93,  -68.10,   0.0,   0.0357,    0.465, 8.45e-05
   94.03,  -67.99,   0.0,   0.0362,    0.469, 8.89e-05
   94.14,  -67.87,   0.0,   0.0367,    0.473, 9.37e-05
   94.24,  -67.75,   0.0,   0.0372,    0.477, 9.86e-05
   94.35,  -67.63,   0.0,   0.0378,    0.481, 0.000104
   94.45,  -67.51,   0.0,   0.0383,    0.485, 0.000109
   94.56,  -67.39,   0.0,   0.0389,    0.488, 0.000115
   94.66,  -67.27,   0.0,   0.0395,    0.492, 0.000121
   94.77,  -67.15,   0.0,     0.04,    0.495, 0.000127
   94.87,  -67.03,   0.0,   0.0406,    0.498, 0.000133
   94.97,  -66.91,   0.0,   0.0412,    0.501,  0.00014
   95.08,  -66.78,   0.0,   0.0418,    0.504, 0.000147
   95.18,  -66.66,   0.0,   0.0424,    0.507, 0.000155
   95.29,  -66.54,   0.0,    0.043,     0.51, 0.000162
   95.39,  -65.38,  10.0,   0.0436,    0.512,  0.00017
   95.50,  -64.28,  10.0,   0.0477,    0.514, 0.000222
   95.60,  -63.23,  10.0,   0.0531,    0.515, 0.000309
   95.71,  -62.22,  10.0,   0.0594,    0.515, 0.000433
   95.81,  -61.23,  10.0,   0.0663,    0.515, 0.000601
   95.92,  -60.25,  10.0,   0.0738,    0.514, 0.000826
   96.02,  -59.25,  10.0,   0.0819,    0.512,  0.00113
   96.13,  -58.20,  10.0,   0.0908,     0.51,  0.00153
   96.23,  -57.08,  10.0,    0.101,    0.506,  0.00207
   96.34,  -55.82,  10.0,    0.112,    0.502,  0.00283
   96.44,  -55.39,   0.0,    0.125,    0.497,  0.00393
   96.55,  -54.71,   0.0,    0.136,    0.491,  0.00493
   96.65,  -53.77,   0.0,    0.146,    0.485,  0.00606
   96.76,  -52.49,   0.0,    0.158,    0.478,  0.00756
   96.86,  -50.70,   0.0,    0.173,     0.47,  0.00982
   96.97,  -48.00,   0.0,    0.195,     0.46,   0.0136
   97.07,  -43.51,   0.0,    0.227,    0.448,    0.021
   97.18,  -34.87,   0.0,    0.281,    0.429,   0.0381
   97.23,  -28.45,   0.0,    0.335,    0.413,    0.062
   97.26,  -24.54,   0.0,    0.371,    0.402,   0.0824
   97.28,  -19.42,   0.0,    0.413,    0.391,     0.11
   97.31,  -12.86,   0.0,    0.461,    0.379,    0.148
   97.32,   -9.47,   0.0,    0.489,    0.372,    0.174
   97.33,   -5.68,   0.0,    0.519,    0.365,    0.205
   97.35,   -1.52,   0.0,    0.551,    0.358,     0.24
   97.36,    2.94,   0.0,    0.584,    0.352,     0.28
   97.37,    7.62,   0.0,    0.618,    0.345,    0.325
   97.39,   12.39,   0.0,    0.652,    0.338,    0.375
   97.40,   17.09,   0.0,    0.687,    0.332,     0.43
   97.41,   21.54,   0.0,     0.72,    0.325,    0.487
   97.43,   25.58,   0.0,    0.753,    0.319,    0.545
   97.44,   29.08,   0.0,    0.784,    0.313,    0.602
   97.45,   31.96,   0.0,    0.812,    0.307,    0.656
   97.48,   36.77,   0.0,    0.861,    0.295,    0.753
   97.50,   38.30,   0.0,      0.9,    0.283,    0.826
   97.53,   38.14,   0.0,    0.928,    0.272,    0.871
   97.56,   37.23,   0.0,    0.948,    0.262,    0.893
   97.58,   35.96,   0.0,    0.962,    0.252,    0.897
   97.61,   34.46,   0.0,    0.972,    0.242,    0.889
   97.64,   32.81,   0.0,    0.979,    0.232,    0.873
   97.66,   31.04,   0.0,    0.984,    0.223,    0.852
   97.69,   29.16,   0.0,    0.988,    0.215,    0.827
   97.71,   27.22,   0.0,     0.99,    0.206,    0.801
   97.74,   25.21,   0.0,    0.992,    0.198,    0.774
   97.77,   23.16,   0.0,    0.993,    0.191,    0.746
   97.79,   21.07,   0.0,    0.993,    0.183,    0.718
   97.82,   18.97,   0.0,    0.994,    0.176,    0.691
   97.85,   16.85,   0.0,    0.994,    0.169,    0.664
   97.87,   14.73,   0.0,    0.993,    0.163,    0.638
   97.90,   12.62,   0.0,    0.993,    0.157,    0.613
   97.92,   10.51,   0.0,    0.992,    0.151,    0.589
   97.95,    8.42,   0.0,    0.992,    0.145,    0.565
   97.98,    6.34,   0.0,    0.991,    0.139,    0.542
   98.00,    4.29,   0.0,    0.989,    0.134,    0.519
   98.03,    2.26,   0.0,    0.988,    0.129,    0.498
   98.05,    0.26,   0.0,    0.986,    0.124,    0.477
   98.08,   -1.72,   0.0,    0.985,     0.12,    0.456
   98.11,   -3.67,   0.0,    0.982,    0.115,    0.437
   98.13,   -5.59,   0.0,     0.98,    0.111,    0.418
   98.16,   -7.48,   0.0,    0.977,    0.107,    0.399
   98.19,   -9.35,   0.0,    0.974,    0.103,    0.381
   98.21,  -11.18,   0.0,     0.97,   0.0996,    0.364
   98.24,  -12.99,   0.0,    0.966,   0.0962,    0.347
   98.26,  -14.77,   0.0,    0.962,    0.093,    0.331
   98.29,  -16.52,   0.0,    0.957,     0.09,    0.315
   98.32,  -18.25,   0.0,    0.951,   0.0872,      0.3
   98.34,  -19.96,   0.0,    0.945,   0.0846,    0.285
   98.37,  -21.64,   0.0,    0.938,   0.0821,    0.271
   98.40,  -23.31,   0.0,     0.93,   0.0799,    0.257
   98.42,  -24.96,   0.0,    0.922,   0.0778,    0.244
   98.45,  -26.59,   0.0,    0.912,   0.0759,     0.23
   98.47,  -28.21,   0.0,    0.902,   0.0742,    0.218
   98.50,  -29.82,   0.0,     0.89,   0.0727,    0.205
   98.55,  -34.51,   0.0,    0.865,     0.07,    0.181
   98.61,  -38.01,   0.0,     0.83,   0.0683,    0.156
   98.66,  -41.59,   0.0,    0.788,   0.0674,    0.132
   98.71,  -45.37,   0.0,    0.738,   0.0672,    0.108
   98.76,  -49.40,   0.0,    0.678,   0.0677,   0.0843
   98.82,  -53.65,   0.0,    0.606,    0.069,   0.0615
   98.87,  -57.99,   0.0,    0.523,   0.0712,   0.0408
   98.92,  -62.11,   0.0,     0.43,   0.0743,   0.0237
   98.97,  -65.58,   0.0,    0.334,   0.0783,   0.0117
   99.08,  -71.56,   0.0,    0.169,   0.0882,   0.0017
   99.18,  -71.60,   0.0,   0.0621,    0.102, 9.72e-05
   99.29,  -71.60,   0.0,   0.0337,    0.115, 1.77e-05
   99.39,  -71.57,   0.0,   0.0263,    0.128, 9.33e-06
   99.50,  -71.53,   0.0,   0.0244,    0.141, 8.22e-06
   99.60,  -71.49,   0.0,    0.024,    0.153, 8.51e-06
   99.71,  -71.45,   0.0,    0.024,    0.166, 9.18e-06
   99.81,  -71.40,   0.0,   0.0241,    0.178, 9.96e-06
   99.92,  -71.35,   0.0,   0.0242,    0.189, 1.08e-05
  100.02,  -71.30,   0.0,   0.0244,    0.201, 1.16e-05
  100.13,  -71.24,   0.0,   0.0245,    0.212, 1.25e-05
  100.23,  -71.19,   0.0,   0.0247,    0.223, 1.34e-05
  100.34,  -71.13,   0.0,   0.0249,    0.234, 1.44e-05
  100.44,  -71.07,   0.0,   0.0251,    0.244, 1.53e-05
  100.55,  -71.00,   0.0,   0.0252,    0.254, 1.63e-05
  100.65,  -70.94,   0.0,   0.0254,    0.264, 1.74e-05
  100.76,  -70.87,   0.0,   0.0256,    0.274, 1.85e-05
  100.86,  -70.80,   0.0,   0.0259,    0.283, 1.96e-05
  100.96,  -70.72,   0.0,   0.0261,    0.293, 2.08e-05
  101.07,  -70.65,   0.0,   0.0263,    0.302,  2.2e-05
  101.17,  -70.57,   0.0,   0.0266,    0.311, 2.33e-05
  101.28,  -70.49,   0.0,   0.0268,    0.319, 2.47e-05
  101.38,  -70.41,   0.0,   0.0271,    0.328, 2.61e-05
  101.49,  -70.32,   0.0,   0.0274,    0.336, 2.75e-05
  101.59,  -70.23,   0.0,   0.0277,    0.344, 2.91e-05
  101.70,  -70.14,   0.0,    0.028,    0.352, 3.07e-05
  101.80,  -70.05,   0.0,   0.0283,    0.359, 3.25e-05
  101.91,  -69.96,   0.0,   0.0286,    0.367, 3.43e-05
  102.01,  -69.86,   0.0,   0.0289,    0.374, 3.62e-05
  102.12,  -69.76,   0.0,   0.0293,    0.381, 3.82e-05
  102.22,  -69.66,   0.0,   0.0296,    0.388, 4.03e-05
  102.33,  -69.56,   0.0,     0.03,    0.394, 4.25e-05
  102.43,  -69.46,   0.0,   0.0303,    0.401, 4.48e-05
  102.54,  -69.35,   0.0,   0.0307,    0.407, 4.73e-05
  102.64,  -69.24,   0.0,   0.0311,    0.413, 4.99e-05
  102.75,  -69.13,   0.0,   0.0315,    0.419, 5.26e-05
  102.85,  -69.02,   0.0,    0.032,    0.425, 5.55e-05
  102.96,  -68.91,   0.0,   0.0324,     0.43, 5.85e-05
  103.06,  -68.80,   0.0,   0.0328,    0.436, 6.17e-05
  103.17,  -68.69,   0.0,   0.0333,    0.441,  6.5e-05
  103.27,  -68.57,   0.0,   0.0337,    0.446, 6.85e-05
  103.38,  -68.46,   0.0,   0.0342,    0.451, 7.22e-05
  103.48,  -68.34,   0.0,   0.0347,    0.456, 7.61e-05
  103.59,  -68.22,   0.0,   0.0352,     0.46, 8.02e-05
  103.69,  -68.11,   0.0,   0.0357,    0.465, 8.45e-05
  103.80,  -67.99,   0.0,   0.0362,    0.469,  8.9e-05
  103.90,  -67.87,   0.0,   0.0367,    0.473, 9.37e-05
  104.01,  -67.75,   0.0,   0.0372,    0.477, 9.86e-05
  104.11,  -67.63,   0.0,   0.0378,    0.481, 0.000104
  104.22,  -67.51,   0.0,   0.0383,    0.485, 0.000109
  104.32,  -67.39,   0.0,   0.0389,    0.488, 0.000115
  104.43,  -67.27,   0.0,   0.0395,    0.492, 0.000121
  104.53,  -67.15,   0.0,     0.04,    0.495, 0.000127
  104.63,  -67.03,   0.0,   0.0406,    0.498, 0.000133
  104.74,  -66.91,   0.0,   0.0412,    0.501,  0.00014
  104.84,  -66.79,   0.0,   0.0418,    0.504, 0.000147
  104.95,  -66.67,   0.0,   0.0424,    0.507, 0.000155
  105.05,  -66.55,   0.0,    0.043,     0.51, 0.000162
  105.16,  -66.43,   0.0,   0.0436,    0.512,  0.00017
  105.26,  -66.31,   0.0,   0.0443,    0.515, 0.000179
  105.37,  -66.19,   0.0,   0.0449,    0.517, 0.000187
  105.47,  -66.07,   0.0,   0.0455,    0.519, 0.000196
  105.58,  -65.95,   0.0,   0.0462,    0.521, 0.000205
  105.68,  -65.83,   0.0,   0.0468,    0.523, 0.000215
  105.79,  -65.72,   0.0,   0.0475,    0.525, 0.000225
  105.89,  -65.60,   0.0,   0.0482,    0.527, 0.000235
  106.00,  -65.48,   0.0,   0.0488,    0.528, 0.000246
  106.10,  -65.37,   0.0,   0.0495,     0.53, 0.000257
  106.21,  -65.25,   0.0,   0.0502,    0.531, 0.000269
  106.31,  -65.14,   0.0,   0.0509,    0.533,  0.00028
  106.42,  -65.03,   0.0,   0.0515,    0.534, 0.000293
  106.52,  -64.91,   0.0,   0.0522,    0.535, 0.000305
  106.63,  -64.80,   0.0,   0.0529,    0.536, 0.000318
  106.73,  -64.69,   0.0,   0.0536,    0.537, 0.000332
  106.84,  -64.58,   0.0,   0.0543,    0.538, 0.000345
  106.94,  -64.47,   0.0,    0.055,    0.539, 0.000359
  107.05,  -64.36,   0.0,   0.0557,     0.54, 0.000374
  107.15,  -64.26,   0.0,   0.0565,     0.54, 0.000389
  107.26,  -64.15,   0.0,   0.0572,    0.541, 0.000404
  107.36,  -64.05,   0.0,   0.0579,    0.541,  0.00042
  107.47,  -63.94,   0.0,   0.0586,    0.542, 0.000436
  107.57,  -63.84,   0.0,   0.0593,    0.542, 0.000453
  107.68,  -63.74,   0.0,     0.06,    0.542, 0.000469
  107.78,  -63.63,   0.0,   0.0608,    0.542, 0.000487
  107.89,  -63.53,   0.0,   0.0615,    0.543, 0.000504
  107.99,  -63.43,   0.0,   0.0622,    0.543, 0.000522
  108.10,  -63.34,   0.0,   0.0629,    0.543, 0.000541
  108.20,  -63.24,   0.0,   0.0636,    0.542, 0.000559
  108.30,  -63.14,   0.0,   0.0644,    0.542, 0.000578
  108.41,  -63.05,   0.0,   0.0651,    0.542, 0.000597
  108.51,  -62.96,   0.0,   0.0658,    0.542, 0.000617
  108.62,  -62.86,   0.0,   0.0665,    0.541, 0.000637
  108.72,  -62.77,   0.0,   0.0672,    0.541, 0.000657
  108.83,  -62.68,   0.0,   0.0679,    0.541, 0.000677
  108.93,  -62.60,   0.0,   0.0686,     0.54, 0.000698
  109.04,  -62.51,   0.0,   0.0693,    0.539, 0.000719
  109.14,  -62.43,   0.0,     0.07,    0.539,  0.00074
  109.25,  -62.34,   0.0,   0.0707,    0.538, 0.000761
  109.35,  -62.26,   0.0,   0.0714,    0.537, 0.000782
  109.46,  -62.18,   0.0,   0.0721,    0.537, 0.000803
  109.56,  -62.10,   0.0,   0.0727,    0.536, 0.000824
  109.67,  -62.03,   0.0,   0.0734,    0.535, 0.000845
  109.77,  -61.95,   0.0,    0.074,    0.534, 0.000867
  109.88,  -61.88,   0.0,   0.0747,    0.533, 0.000888
  109.98,  -61.81,   0.0,   0.0753,    0.532, 0.000908
  110.09,  -61.75,   0.0,   0.0759,    0.531, 0.000929
  110.19,  -61.68,   0.0,   0.0765,     0.53, 0.000949
  110.30,  -61.62,   0.0,   0.0771,    0.529, 0.000969
  110.40,  -61.56,   0.0,   0.0776,    0.528, 0.000989
  110.51,  -61.50,   0.0,   0.0782,    0.527,  0.00101
  110.61,  -61.45,   0.0,   0.0787,    0.526,  0.00103
  110.72,  -61.40,   0.0,   0.0792,    0.525,  0.00104
  110.82,  -61.35,   0.0,   0.0797,    0.524,  0.00106
  110.93,  -61.30,   0.0,   0.0801,    0.523,  0.00108
  111.03,  -61.26,   0.0,   0.0806,    0.522,  0.00109
  111.14,  -61.22,   0.0,    0.081,     0.52,  0.00111
  111.24,  -61.19,   0.0,   0.0814,    0.519,  0.00112
  111.35,  -61.16,   0.0,   0.0817,    0.518,  0.00113
  111.45,  -61.13,   0.0,    0.082,    0.517,  0.00114
  111.56,  -61.11,   0.0,   0.0823,    0.516,  0.00115
  111.66,  -61.09,   0.0,   0.0825,    0.515,  0.00116
  111.77,  -61.08,   0.0,   0.0827,    0.513,  0.00116
  111.87,  -61.07,   0.0,   0.0829,    0.512,  0.00117
  111.97,  -61.07,   0.0,    0.083,    0.511,  0.00117
  112.08,  -61.07,   0.0,   0.0831,     0.51,  0.00117
  112.18,  -61.07,   0.0,   0.0832,    0.509,  0.00117
  112.29,  -61.08,   0.0,   0.0831,    0.508,  0.00117
  112.39,  -61.10,   0.0,   0.0831,    0.507,  0.00116
  112.50,  -61.12,   0.0,    0.083,    0.506,  0.00116
  112.60,  -61.15,   0.0,   0.0828,    0.505,  0.00115
  112.71,  -61.18,   0.0,   0.0826,    0.504,  0.00114
  112.81,  -61.22,   0.0,   0.0824,    0.503,  0.00113
  112.92,  -61.26,   0.0,   0.0821,    0.502,  0.00111
  113.02,  -61.30,   0.0,   0.0818,    0.502,   0.0011
  113.13,  -61.36,   0.0,   0.0814,    0.501,  0.00108
  113.23,  -61.41,   0.0,    0.081,      0.5,  0.00106
  113.34,  -61.47,   0.0,   0.0805,      0.5,  0.00104
  113.44,  -61.53,   0.0,     0.08,    0.499,  0.00102
  113.55,  -61.60,   0.0,   0.0795,    0.498,    0.001
  113.65,  -61.67,   0.0,   0.0789,    0.498,  0.00098
  113.76,  -61.74,   0.0,   0.0783,    0.498, 0.000957
  113.86,  -61.82,   0.0,   0.0777,    0.497, 0.000934
  113.97,  -60.85,  10.0,   0.0771,    0.497,  0.00091
  114.07,  -59.92,  10.0,    0.081,    0.496,  0.00105
  114.18,  -58.99,  10.0,   0.0872,    0.494,  0.00131
  114.28,  -58.03,  10.0,    0.095,    0.492,  0.00168
  114.39,  -57.01,  10.0,    0.104,    0.489,   0.0022
  114.49,  -55.87,  10.0,    0.114,    0.485,   0.0029
  114.60,  -54.55,  10.0,    0.127,     0.48,  0.00389
  114.70,  -52.92,  10.0,    0.141,    0.474,  0.00536
  114.81,  -50.79,  10.0,     0.16,    0.467,  0.00767
  114.91,  -47.72,  10.0,    0.186,    0.457,   0.0117
  115.02,  -43.78,   0.0,    0.223,    0.444,   0.0196
  115.12,  -35.84,   0.0,    0.276,    0.426,   0.0359
  115.17,  -29.98,   0.0,    0.327,    0.411,   0.0573
  115.20,  -26.41,   0.0,    0.361,    0.401,   0.0752
  115.23,  -21.76,   0.0,    0.399,     0.39,   0.0993
  115.25,  -15.80,   0.0,    0.444,    0.378,    0.132
  115.26,  -12.68,   0.0,     0.47,    0.372,    0.155
  115.28,   -9.18,   0.0,    0.498,    0.366,    0.181
  115.29,   -5.31,   0.0,    0.528,    0.359,    0.211
  115.30,   -1.10,   0.0,    0.559,    0.352,    0.246
  115.32,    3.39,   0.0,    0.592,    0.346,    0.286
  115.33,    8.06,   0.0,    0.625,    0.339,    0.332
  115.34,   12.78,   0.0,    0.659,    0.333,    0.381
  115.36,   17.40,   0.0,    0.693,    0.326,    0.435
  115.37,   21.75,   0.0,    0.727,     0.32,    0.491
  115.38,   25.68,   0.0,    0.759,    0.314,    0.547
  115.40,   29.05,   0.0,    0.789,    0.307,    0.603
  115.42,   35.11,   0.0,    0.842,    0.295,    0.705
  115.45,   37.57,   0.0,    0.885,    0.284,    0.788
  115.47,   37.91,   0.0,    0.917,    0.273,    0.843
  115.50,   37.24,   0.0,     0.94,    0.262,    0.873
  115.53,   36.09,   0.0,    0.957,    0.252,    0.884
  115.55,   34.67,   0.0,    0.968,    0.242,     0.88
  115.58,   33.07,   0.0,    0.977,    0.233,    0.867
  115.61,   31.33,   0.0,    0.982,    0.224,    0.848
  115.63,   29.49,   0.0,    0.986,    0.215,    0.825
  115.66,   27.56,   0.0,    0.989,    0.207,      0.8
  115.68,   25.56,   0.0,    0.991,    0.199,    0.773
  115.71,   23.52,   0.0,    0.992,    0.191,    0.746
  115.74,   21.44,   0.0,    0.993,    0.184,    0.719
  115.76,   19.34,   0.0,    0.993,    0.177,    0.692
  115.79,   17.22,   0.0,    0.993,     0.17,    0.666
  115.82,   15.10,   0.0,    0.993,    0.163,     0.64
  115.84,   12.98,   0.0,    0.993,    0.157,    0.614
  115.87,   10.87,   0.0,    0.992,    0.151,     0.59
  115.89,    8.77,   0.0,    0.992,    0.145,    0.566
  115.92,    6.69,   0.0,    0.991,     0.14,    0.543
  115.95,    4.63,   0.0,     0.99,    0.134,    0.521
  115.97,    2.60,   0.0,    0.988,    0.129,    0.499
  116.00,    0.58,   0.0,    0.987,    0.124,    0.478
  116.02,   -1.40,   0.0,    0.985,     0.12,    0.458
  116.05,   -3.36,   0.0,    0.983,    0.115,    0.438
  116.08,   -5.28,   0.0,     0.98,    0.111,    0.419
  116.10,   -7.18,   0.0,    0.978,    0.107,      0.4
  116.13,   -9.05,   0.0,    0.975,    0.103,    0.383
  116.16,  -10.90,   0.0,    0.971,   0.0997,    0.365
  116.18,  -12.71,   0.0,    0.967,   0.0963,    0.349
  116.21,  -14.50,   0.0,    0.963,   0.0931,    0.332
  116.23,  -16.26,   0.0,    0.958,   0.0901,    0.317
  116.26,  -17.99,   0.0,    0.952,   0.0873,    0.301
  116.29,  -19.71,   0.0,    0.946,   0.0846,    0.287
  116.31,  -21.39,   0.0,    0.939,   0.0822,    0.272
  116.34,  -23.06,   0.0,    0.931,   0.0799,    0.258
  116.37,  -24.71,   0.0,    0.923,   0.0778,    0.245
  116.39,  -26.35,   0.0,    0.914,   0.0759,    0.232
  116.42,  -27.97,   0.0,    0.903,   0.0742,    0.219
  116.44,  -29.59,   0.0,    0.892,   0.0727,    0.206
  116.50,  -34.28,   0.0,    0.867,   0.0699,    0.183
  116.55,  -37.77,   0.0,    0.833,   0.0682,    0.158
  116.60,  -41.34,   0.0,    0.791,   0.0672,    0.133
  116.65,  -45.11,   0.0,    0.742,    0.067,    0.109
  116.71,  -49.11,   0.0,    0.682,   0.0675,   0.0856
  116.76,  -53.34,   0.0,    0.612,   0.0687,   0.0629
  116.81,  -57.68,   0.0,    0.529,   0.0708,    0.042
  116.86,  -61.82,   0.0,    0.437,   0.0739,   0.0247
  116.92,  -65.35,   0.0,    0.341,   0.0778,   0.0123
  117.02,  -71.52,   0.0,    0.174,   0.0876,  0.00185
  117.13,  -71.60,   0.0,   0.0637,    0.101, 0.000104
  117.23,  -71.60,   0.0,   0.0342,    0.114, 1.82e-05
  117.34,  -71.57,   0.0,   0.0264,    0.127, 9.41e-06
  117.44,  -71.53,   0.0,   0.0245,     0.14, 8.22e-06
  117.55,  -71.49,   0.0,    0.024,    0.153, 8.49e-06
  117.65,  -71.45,   0.0,    0.024,    0.165, 9.15e-06
  117.76,  -71.40,   0.0,   0.0241,    0.177, 9.92e-06
  117.86,  -71.35,   0.0,   0.0242,    0.189, 1.08e-05
  117.96,  -71.30,   0.0,   0.0244,      0.2, 1.16e-05
  118.07,  -71.24,   0.0,   0.0245,    0.211, 1.25e-05
  118.17,  -71.19,   0.0,   0.0247,    0.222, 1.34e-05
  118.28,  -71.13,   0.0,   0.0249,    0.233, 1.43e-05
  118.38,  -71.07,   0.0,   0.0251,    0.243, 1.53e-05
  118.49,  -71.00,   0.0,   0.0252,    0.254, 1.63e-05
  118.59,  -70.94,   0.0,   0.0254,    0.264, 1.74e-05
  118.70,  -70.87,   0.0,   0.0256,    0.273, 1.84e-05
  118.80,  -70.80,   0.0,   0.0259,    0.283, 1.96e-05
  118.91,  -70.73,   0.0,   0.0261,    0.292, 2.08e-05
  119.01,  -70.65,   0.0,   0.0263,    0.301,  2.2e-05
  119.12,  -70.57,   0.0,   0.0266,     0.31, 2.33e-05
  119.22,  -70.49,   0.0,   0.0268,    0.319, 2.46e-05
  119.33,  -70.41,   0.0,   0.0271,    0.327,  2.6e-05
  119.43,  -70.32,   0.0,   0.0274,    0.336, 2.75e-05
  119.54,  -70.23,   0.0,   0.0277,    0.344, 2.91e-05
  119.64,  -70.14,   0.0,    0.028,    0.351, 3.07e-05
  119.75,  -70.05,   0.0,   0.0283,    0.359, 3.24e-05
  119.85,  -69.96,   0.0,   0.0286,    0.366, 3.42e-05
  119.96,  -69.86,   0.0,   0.0289,    0.374, 3.61e-05
  120.06,  -69.76,   0.0,   0.0293,    0.381, 3.81e-05
  120.17,  -69.66,   0.0,   0.0296,    0.387, 4.02e-05
  120.27,  -69.56,   0.0,     0.03,    0.394, 4.24e-05
  120.38,  -69.46,   0.0,   0.0303,    0.401, 4.48e-05
  120.48,  -69.35,   0.0,   0.0307,    0.407, 4.72e-05
  120.59,  -69.24,   0.0,   0.0311,    0.413, 4.98e-05
  120.69,  -69.13,   0.0,   0.0315,    0.419, 5.25e-05
  120.80,  -69.02,   0.0,    0.032,    0.425, 5.54e-05
  120.90,  -68.91,   0.0,   0.0324,     0.43, 5.84e-05
  121.01,  -68.80,   0.0,   0.0328,    0.436, 6.16e-05
  121.11,  -68.69,   0.0,   0.0333,    0.441,  6.5e-05
  121.22,  -68.57,   0.0,   0.0337,    0.446, 6.85e-05
  121.32,  -68.46,   0.0,   0.0342,    0.451, 7.22e-05
  121.43,  -68.34,   0.0,   0.0347,    0.456,  7.6e-05
  121.53,  -68.22,   0.0,   0.0352,     0.46, 8.01e-05
  121.63,  -68.11,   0.0,   0.0357,    0.465, 8.44e-05
  121.74,  -67.99,   0.0,   0.0362,    0.469, 8.89e-05
  121.84,  -67.87,   0.0,   0.0367,    0.473, 9.36e-05
  121.95,  -67.75,   0.0,   0.0372,    0.477, 9.85e-05
  122.05,  -66.58,  10.0,   0.0378,    0.481, 0.000104
  122.16,  -65.50,  10.0,   0.0415,    0.484, 0.000138
  122.26,  -64.49,  10.0,   0.0463,    0.486, 0.000193
  122.37,  -63.55,  10.0,   0.0518,    0.488, 0.000271
  122.47,  -62.64,  10.0,   0.0576,    0.489, 0.000375
  122.58,  -61.77,  10.0,   0.0638,     0.49, 0.000509
  122.68,  -60.91,  10.0,   0.0703,    0.489, 0.000681
  122.79,  -60.06,  10.0,   0.0772,    0.489,   0.0009
  122.89,  -59.20,  10.0,   0.0846,    0.487,  0.00118
  123.00,  -58.30,  10.0,   0.0925,    0.485,  0.00154
  123.10,  -58.40,   0.0,    0.101,    0.482,    0.002
  123.21,  -58.41,   0.0,    0.106,     0.48,  0.00226
  123.31,  -58.39,   0.0,    0.108,    0.477,  0.00241
  123.42,  -58.35,   0.0,     0.11,    0.475,   0.0025
  123.52,  -58.32,   0.0,    0.111,    0.473,  0.00256
  123.63,  -58.29,   0.0,    0.111,     0.47,   0.0026
  123.73,  -58.27,   0.0,    0.112,    0.468,  0.00262
  123.84,  -58.26,   0.0,    0.112,    0.465,  0.00264
  123.94,  -58.26,   0.0,    0.113,    0.463,  0.00265
  124.05,  -58.28,   0.0,    0.113,    0.461,  0.00265
  124.15,  -58.31,   0.0,    0.113,    0.459,  0.00263
  124.26,  -58.37,   0.0,    0.113,    0.457,  0.00261
  124.36,  -58.44,   0.0,    0.112,    0.454,  0.00257
  124.47,  -58.54,   0.0,    0.112,    0.453,  0.00252
  124.57,  -58.66,   0.0,    0.111,    0.451,  0.00245
  124.68,  -58.80,   0.0,     0.11,    0.449,  0.00237
  124.78,  -58.97,   0.0,    0.108,    0.448,  0.00228
  124.89,  -59.17,   0.0,    0.107,    0.446,  0.00217
  124.99,  -59.39,   0.0,    0.105,    0.445,  0.00205
  125.10,  -59.63,   0.0,    0.103,    0.444,  0.00193
  125.20,  -59.89,   0.0,      0.1,    0.443,  0.00179
  125.30,  -60.17,   0.0,   0.0978,    0.443,  0.00165
  125.41,  -60.47,   0.0,    0.095,    0.442,  0.00152
  125.51,  -60.78,   0.0,   0.0921,    0.442,  0.00138
  125.62,  -61.10,   0.0,   0.0891,    0.442,  0.00125
  125.72,  -61.42,   0.0,   0.0861,    0.442,  0.00113
  125.83,  -61.74,   0.0,   0.0831,    0.443,  0.00102
  125.93,  -62.05,   0.0,   0.0802,    0.444, 0.000914
  126.04,  -62.35,   0.0,   0.0773,    0.445, 0.000822
  126.14,  -62.64,   0.0,   0.0746,    0.446,  0.00074
  126.25,  -62.91,   0.0,   0.0721,    0.447, 0.000669
  126.35,  -63.17,   0.0,   0.0697,    0.448, 0.000607
  126.46,  -63.41,   0.0,   0.0675,     0.45, 0.000553
  126.56,  -63.63,   0.0,   0.0655,    0.452, 0.000508
  126.67,  -63.83,   0.0,   0.0637,    0.453, 0.000469
  126.77,  -64.01,   0.0,   0.0621,    0.455, 0.000435
  126.88,  -64.18,   0.0,   0.0606,    0.457, 0.000408
  126.98,  -64.33,   0.0,   0.0593,    0.459, 0.000384
  127.09,  -64.46,   0.0,   0.0582,    0.461, 0.000364
  127.19,  -64.57,   0.0,   0.0572,    0.464, 0.000347
  127.30,  -64.67,   0.0,   0.0564,    0.466, 0.000334
  127.40,  -64.75,   0.0,   0.0556,    0.468, 0.000322
  127.51,  -64.82,   0.0,    0.055,     0.47, 0.000313
  127.61,  -64.88,   0.0,   0.0545,    0.472, 0.000305
  127.72,  -64.93,   0.0,    0.054,    0.474, 0.000299
  127.82,  -64.96,   0.0,   0.0537,    0.477, 0.000295
  127.93,  -64.99,   0.0,   0.0534,    0.479, 0.000291
  128.03,  -65.01,   0.0,   0.0532,    0.481, 0.000289
  128.14,  -65.02,   0.0,    0.053,    0.483, 0.000288
  128.24,  -65.02,   0.0,   0.0529,    0.485, 0.000287
  128.35,  -65.02,   0.0,   0.0528,    0.487, 0.000288
  128.45,  -65.01,   0.0,   0.0528,    0.489, 0.000289
  128.56,  -64.99,   0.0,   0.0529,    0.491,  0.00029
  128.66,  -64.97,   0.0,   0.0529,    0.493, 0.000293
  128.77,  -64.94,   0.0,   0.0531,    0.495, 0.000296
  128.87,  -64.91,   0.0,   0.0532,    0.497, 0.000299
  128.97,  -64.87,   0.0,   0.0534,    0.499, 0.000303
  129.08,  -64.84,   0.0,   0.0536,      0.5, 0.000308
  129.18,  -64.79,   0.0,   0.0538,    0.502, 0.000313
  129.29,  -64.75,   0.0,    0.054,    0.504, 0.000318
  129.39,  -64.70,   0.0,   0.0543,    0.505, 0.000324
  129.50,  -64.65,   0.0,   0.0546,    0.507,  0.00033
  129.60,  -64.60,   0.0,   0.0549,    0.508, 0.000337
  129.71,  -64.54,   0.0,   0.0552,    0.509, 0.000343
  129.81,  -64.49,   0.0,   0.0556,    0.511, 0.000351
  129.92,  -64.43,   0.0,   0.0559,    0.512, 0.000358
  130.02,  -64.37,   0.0,   0.0563,    0.513, 0.000366
  130.13,  -64.31,   0.0,   0.0567,    0.514, 0.000375
  130.23,  -64.25,   0.0,   0.0571,    0.515, 0.000383
  130.34,  -64.19,   0.0,   0.0575,    0.516, 0.000392
  130.44,  -64.12,   0.0,   0.0579,    0.517, 0.000402
  130.55,  -64.06,   0.0,   0.0583,    0.518, 0.000411
  130.65,  -64.00,   0.0,   0.0587,    0.519, 0.000421
  130.76,  -63.93,   0.0,   0.0592,     0.52, 0.000431
  130.86,  -63.87,   0.0,   0.0596,    0.521, 0.000441
  130.97,  -63.80,   0.0,   0.0601,    0.521, 0.000452
  131.07,  -63.74,   0.0,   0.0605,    0.522, 0.000463
  131.18,  -63.67,   0.0,    0.061,    0.522, 0.000474
  131.28,  -63.61,   0.0,   0.0614,    0.523, 0.000485
  131.39,  -63.54,   0.0,   0.0619,    0.523, 0.000497
  131.49,  -63.48,   0.0,   0.0624,    0.524, 0.000508
  131.60,  -63.41,   0.0,   0.0628,    0.524,  0.00052
  131.70,  -63.35,   0.0,   0.0633,    0.524, 0.000532
  131.81,  -63.28,   0.0,   0.0638,    0.525, 0.000544
  131.91,  -63.22,   0.0,   0.0643,    0.525, 0.000557
  132.02,  -63.16,   0.0,   0.0647,    0.525, 0.000569
  132.12,  -63.10,   0.0,   0.0652,    0.525, 0.000582
  132.23,  -63.03,   0.0,   0.0657,    0.525, 0.000595
  132.33,  -62.97,   0.0,   0.0661,    0.525, 0.000607
  132.44,  -62.92,   0.0,   0.0666,    0.525,  0.00062
  132.54,  -62.86,   0.0,    0.067,    0.525, 0.000633
  132.64,  -62.80,   0.0,   0.0675,    0.525, 0.000646
  132.75,  -62.74,   0.0,    0.068,    0.525, 0.000659
  132.85,  -62.69,   0.0,   0.0684,    0.525, 0.000672
  132.96,  -62.63,   0.0,   0.0688,    0.524, 0.000684
  133.06,  -62.58,   0.0,   0.0693,    0.524, 0.000697
  133.17,  -62.53,   0.0,   0.0697,    0.524,  0.00071
  133.27,  -62.48,   0.0,   0.0701,    0.524, 0.000722
  133.38,  -62.43,   0.0,   0.0705,    0.523, 0.000734
  133.48,  -62.38,   0.0,   0.0709,    0.523, 0.000747
  133.59,  -62.34,   0.0,   0.0713,    0.523, 0.000758
  133.69,  -62.29,   0.0,   0.0717,    0.522,  0.00077
  133.80,  -62.25,   0.0,   0.0721,    0.522, 0.000781
  133.90,  -62.21,   0.0,   0.0724,    0.521, 0.000792
  134.01,  -62.17,   0.0,   0.0728,    0.521, 0.000803
  134.11,  -62.14,   0.0,   0.0731,     0.52, 0.000813
  134.22,  -62.10,   0.0,   0.0734,     0.52, 0.000823
  134.32,  -62.07,   0.0,   0.0737,    0.519, 0.000833
  134.43,  -62.04,   0.0,    0.074,    0.519, 0.000842
  134.53,  -62.01,   0.0,   0.0743,    0.518,  0.00085
  134.64,  -61.99,   0.0,   0.0746,    0.518, 0.000858
  134.74,  -61.96,   0.0,   0.0748,    0.517, 0.000865
  134.85,  -61.94,   0.0,    0.075,    0.516, 0.000872
  134.95,  -61.92,   0.0,   0.0752,    0.516, 0.000878
  135.06,  -61.90,   0.0,   0.0754,    0.515, 0.000883
  135.16,  -61.89,   0.0,   0.0756,    0.515, 0.000888
  135.27,  -61.88,   0.0,   0.0757,    0.514, 0.000892
  135.37,  -61.87,   0.0,   0.0758,    0.514, 0.000895
  135.48,  -61.86,   0.0,   0.0759,    0.513, 0.000898
  135.58,  -61.86,   0.0,    0.076,    0.512,   0.0009
  135.69,  -61.86,   0.0,   0.0761,    0.512, 0.000901
  135.79,  -61.86,   0.0,   0.0761,    0.511, 0.000901
  135.90,  -61.86,   0.0,   0.0761,    0.511, 0.000901
  136.00,  -61.87,   0.0,   0.0761,     0.51, 0.000899
  136.11,  -61.88,   0.0,   0.0761,     0.51, 0.000897
  136.21,  -61.89,   0.0,    0.076,    0.509, 0.000895
  136.31,  -61.90,   0.0,   0.0759,    0.509, 0.000891
  136.42,  -61.92,   0.0,   0.0758,    0.508, 0.000887
  136.52,  -61.93,   0.0,   0.0757,    0.508, 0.000882
  136.63,  -61.96,   0.0,   0.0756,    0.508, 0.000877
  136.73,  -61.98,   0.0,   0.0754,    0.507, 0.000871
  136.84,  -62.00,   0.0,   0.0753,    0.507, 0.000864
  136.94,  -62.03,   0.0,   0.0751,    0.506, 0.000857
  137.05,  -62.06,   0.0,   0.0749,    0.506,  0.00085
  137.15,  -62.09,   0.0,   0.0746,    0.506, 0.000842
