1,2,0
2,2,0
3,1,1
4,1,0
5,2,1
6,2,1
7,2,0
8,1,1
9,1,1
10,1,0
11,2,0
12,1,1
13,1,1
14,2,1
15,2,0
16,2,1
17,2,0
18,1,1
19,1,1
20,1,1
21,1,0
22,2,0
23,2,1
24,1,1
25,1,1
26,1,1
27,1,1
28,1,1
29,1,1
30,1,1
31,1,0
32,1,1
33,1,1
34,1,1
35,1,1
36,1,0
37,2,1
38,2,0
39,1,0
40,1,1
41,1,1
42,1,1
43,1,1
44,1,1
45,1,1
46,2,1
47,2,0
48,1,0
49,2,0
50,1,1
51,1,1
52,1,0
53,1,1
54,1,1
55,1,1
56,1,1
57,1,0
58,1,1
59,1,1
60,1,0
61,1,0
62,2,1
63,2,0
64,1,1
65,1,1
66,1,1
67,1,0
68,1,1
69,1,1
70,1,1
71,1,1
72,1,1
73,1,0
74,1,1
75,1,0
76,2,1
77,2,1
78,2,0
79,1,1
80,1,1
81,1,1
82,1,0
83,1,1
84,1,1
85,1,1
86,1,1
87,1,1
88,1,0
89,1,1
90,1,1
91,1,1
92,1,1
93,1,1
94,1,0
95,1,1
96,1,0
97,2,1
98,1,1
99,1,1
100,1,1
101,1,0
102,1,1
103,1,1
104,1,1
105,1,1
106,1,1
107,1,1
108,1,0
109,1,1
110,1,1
111,1,1
112,1,1
113,1,1
114,1,0
115,1,1
116,1,1
117,1,1
118,1,0
119,1,1
120,1,1
121,1,1
122,1,0
123,1,1
124,1,1
125,1,0
126,1,1
127,1,1
128,1,1
129,1,1
130,1,0
131,1,1
132,1,1
133,2,1
134,2,0
135,1,1
136,1,1
137,1,1
138,1,1
139,1,0
140,1,1
141,1,1
142,1,1
143,1,1
144,1,1
145,1,0
146,1,1
147,1,1
148,1,1
149,1,1
150,1,1
151,1,1
152,1,0
153,1,1
154,1,1
155,1,1
156,1,1
157,1,1
158,1,0
159,1,1
160,1,1
161,1,1
162,1,0
163,1,1
164,1,1
165,1,1
166,1,1
167,1,1
168,1,1
169,1,1
170,1,0
171,1,1
172,1,0
173,1,1
174,1,1
175,1,1
176,1,1
177,1,0
178,1,1
179,1,1
180,1,1
181,1,0
182,1,1
183,1,1
184,1,1
185,1,1
186,1,1
187,1,0
188,1,1
189,1,1
190,1,1
191,1,1
192,1,1
193,1,0
194,1,1
195,1,1
196,1,1
197,1,1
198,1,0
199,1,1
200,1,1