#time (msec), membrane voltage (mV), stimulus level (nA), m, h, n
    0.10,  -61.85,   0.0,   0.0775,    0.497,    0.365
    0.20,  -61.92,   0.0,   0.0769,    0.497,    0.365
    0.30,  -61.99,   0.0,   0.0763,    0.497,    0.365
    0.40,  -62.07,   0.0,   0.0756,    0.496,    0.365
    0.50,  -62.14,   0.0,    0.075,    0.496,    0.365
    0.60,  -62.22,   0.0,   0.0744,    0.496,    0.365
    0.70,  -62.30,   0.0,   0.0737,    0.496,    0.365
    0.80,  -62.37,   0.0,   0.0731,    0.496,    0.365
    0.90,  -62.45,   0.0,   0.0725,    0.496,    0.365
    1.00,  -62.52,   0.0,   0.0718,    0.497,    0.364
    1.10,  -62.59,   0.0,   0.0712,    0.497,    0.364
    1.20,  -62.66,   0.0,   0.0706,    0.497,    0.364
    1.30,  -62.73,   0.0,   0.0701,    0.497,    0.364
    1.40,  -62.79,   0.0,   0.0695,    0.498,    0.363
    1.50,  -62.86,   0.0,    0.069,    0.498,    0.363
    1.60,  -62.92,   0.0,   0.0684,    0.498,    0.363
    1.70,  -62.98,   0.0,   0.0679,    0.499,    0.362
    1.80,  -63.03,   0.0,   0.0675,    0.499,    0.362
    1.90,  -63.08,   0.0,    0.067,      0.5,    0.362
    2.00,  -63.13,   0.0,   0.0666,      0.5,    0.361
    2.10,  -63.18,   0.0,   0.0662,    0.501,    0.361
    2.20,  -63.22,   0.0,   0.0658,    0.501,     0.36
    2.30,  -63.26,   0.0,   0.0655,    0.502,     0.36
    2.40,  -63.30,   0.0,   0.0652,    0.502,    0.359
    2.50,  -63.33,   0.0,   0.0649,    0.503,    0.359
    2.60,  -63.36,   0.0,   0.0646,    0.504,    0.359
    2.70,  -63.39,   0.0,   0.0643,    0.504,    0.358
    2.80,  -63.41,   0.0,   0.0641,    0.505,    0.358
    2.90,  -63.44,   0.0,   0.0639,    0.506,    0.357
    3.00,  -63.45,   0.0,   0.0637,    0.506,    0.357
    3.10,  -63.47,   0.0,   0.0636,    0.507,    0.356
    3.20,  -63.48,   0.0,   0.0634,    0.507,    0.356
    3.30,  -63.49,   0.0,   0.0633,    0.508,    0.356
    3.40,  -63.50,   0.0,   0.0632,    0.509,    0.355
    3.50,  -63.51,   0.0,   0.0631,    0.509,    0.355
    3.60,  -63.51,   0.0,   0.0631,     0.51,    0.354
    3.70,  -63.51,   0.0,    0.063,     0.51,    0.354
    3.80,  -63.51,   0.0,    0.063,    0.511,    0.354
    3.90,  -63.51,   0.0,    0.063,    0.512,    0.353
    4.00,  -63.50,   0.0,    0.063,    0.512,    0.353
    4.10,  -63.50,   0.0,    0.063,    0.513,    0.353
    4.20,  -63.49,   0.0,   0.0631,    0.513,    0.352
    4.30,  -63.48,   0.0,   0.0631,    0.514,    0.352
    4.40,  -63.47,   0.0,   0.0632,    0.514,    0.352
    4.50,  -63.45,   0.0,   0.0632,    0.515,    0.351
    4.60,  -63.44,   0.0,   0.0633,    0.515,    0.351
    4.70,  -63.42,   0.0,   0.0634,    0.516,    0.351
    4.80,  -63.41,   0.0,   0.0635,    0.516,    0.351
    4.90,  -63.39,   0.0,   0.0636,    0.517,     0.35
    5.00,  -63.37,   0.0,   0.0638,    0.517,     0.35
    5.10,  -63.35,   0.0,   0.0639,    0.517,     0.35
    5.20,  -63.33,   0.0,    0.064,    0.518,     0.35
    5.30,  -63.31,   0.0,   0.0642,    0.518,     0.35
    5.40,  -63.28,   0.0,   0.0643,    0.518,    0.349
    5.50,  -63.26,   0.0,   0.0645,    0.519,    0.349
    5.60,  -63.24,   0.0,   0.0647,    0.519,    0.349
    5.70,  -63.21,   0.0,   0.0648,    0.519,    0.349
    5.80,  -63.05,   1.4,    0.065,    0.519,    0.349
    5.90,  -62.89,   1.4,   0.0657,     0.52,    0.349
    6.00,  -62.73,   1.4,   0.0667,     0.52,    0.349
    6.10,  -62.58,   1.4,   0.0678,     0.52,    0.349
    6.20,  -62.42,   1.4,   0.0689,    0.519,    0.349
    6.30,  -62.27,   1.4,   0.0701,    0.519,     0.35
    6.40,  -62.12,   1.4,   0.0713,    0.519,     0.35
    6.50,  -61.97,   1.4,   0.0726,    0.518,     0.35
    6.60,  -61.82,   1.4,   0.0738,    0.518,    0.351
    6.70,  -61.67,   1.4,   0.0751,    0.517,    0.351
    6.80,  -61.51,   1.4,   0.0764,    0.516,    0.352
    6.90,  -61.36,   1.4,   0.0777,    0.515,    0.352
    7.00,  -61.21,   1.4,    0.079,    0.515,    0.353
    7.10,  -61.06,   1.4,   0.0803,    0.514,    0.354
    7.20,  -60.90,   1.4,   0.0817,    0.512,    0.354
    7.30,  -60.75,   1.4,   0.0831,    0.511,    0.355
    7.40,  -60.60,   1.4,   0.0845,     0.51,    0.356
    7.50,  -60.44,   1.4,    0.086,    0.509,    0.357
    7.60,  -60.28,   1.4,   0.0874,    0.507,    0.358
    7.70,  -60.12,   1.4,   0.0889,    0.506,    0.359
    7.80,  -59.96,   1.4,   0.0905,    0.504,     0.36
    7.90,  -59.79,   1.4,   0.0921,    0.502,    0.361
    8.00,  -59.63,   1.4,   0.0937,    0.501,    0.362
    8.10,  -59.45,   1.4,   0.0954,    0.499,    0.363
    8.20,  -59.28,   1.4,   0.0971,    0.497,    0.364
    8.30,  -59.10,   1.4,    0.099,    0.495,    0.366
    8.40,  -58.91,   1.4,    0.101,    0.492,    0.367
    8.50,  -58.72,   1.4,    0.103,     0.49,    0.368
    8.60,  -58.51,   1.4,    0.105,    0.488,     0.37
    8.70,  -58.30,   1.4,    0.107,    0.485,    0.371
    8.80,  -58.08,   1.4,    0.109,    0.483,    0.373
    8.90,  -57.84,   1.4,    0.112,     0.48,    0.374
    9.00,  -57.59,   1.4,    0.114,    0.477,    0.376
    9.10,  -57.32,   1.4,    0.117,    0.474,    0.378
    9.20,  -57.02,   1.4,     0.12,    0.471,     0.38
    9.30,  -56.69,   1.4,    0.124,    0.468,    0.382
    9.40,  -56.32,   1.4,    0.127,    0.464,    0.384
    9.50,  -55.90,   1.4,    0.132,    0.461,    0.386
    9.60,  -55.42,   1.4,    0.137,    0.457,    0.388
    9.70,  -54.85,   1.4,    0.142,    0.452,    0.391
    9.80,  -54.16,   1.4,    0.149,    0.448,    0.393
    9.90,  -53.29,   1.4,    0.157,    0.442,    0.396
   10.00,  -52.18,   1.4,    0.167,    0.437,      0.4
   10.10,  -50.67,   1.4,    0.181,     0.43,    0.404
   10.20,  -48.50,   1.4,    0.199,    0.422,    0.408
   10.30,  -45.13,   1.4,    0.225,    0.411,    0.414
   10.40,  -39.28,   1.4,    0.267,    0.397,    0.422
   10.50,  -27.52,   1.4,    0.337,    0.376,    0.433
   10.52,  -24.47,   1.4,    0.374,    0.367,    0.438
   10.55,  -20.40,   1.4,    0.413,    0.357,    0.444
   10.57,  -15.17,   1.4,    0.457,    0.346,     0.45
   10.60,   -8.68,   1.4,    0.507,    0.335,    0.457
   10.61,   -5.44,   1.4,    0.535,    0.329,    0.461
   10.62,   -1.90,   1.4,    0.564,    0.323,    0.466
   10.64,    1.88,   1.4,    0.594,    0.318,    0.471
   10.65,    5.84,   1.4,    0.625,    0.312,    0.476
   10.66,    9.87,   1.4,    0.656,    0.306,    0.481
   10.67,   13.88,   1.4,    0.687,      0.3,    0.487
   10.69,   17.74,   1.4,    0.717,    0.295,    0.493
   10.70,   21.33,   1.4,    0.747,    0.289,      0.5
   10.71,   24.56,   1.4,    0.775,    0.284,    0.507
   10.74,   30.70,   1.4,    0.826,    0.274,    0.521
   10.76,   33.98,   1.4,    0.869,    0.263,    0.535
   10.79,   35.17,   1.4,    0.902,    0.254,     0.55
   10.81,   35.07,   1.4,    0.928,    0.244,    0.564
   10.84,   34.27,   1.4,    0.946,    0.235,    0.578
   10.86,   33.06,   1.4,     0.96,    0.226,    0.591
   10.89,   31.62,   1.4,     0.97,    0.218,    0.604
   10.91,   30.01,   1.4,    0.977,     0.21,    0.616
   10.94,   28.28,   1.4,    0.982,    0.202,    0.627
   10.96,   26.45,   1.4,    0.985,    0.195,    0.638
   10.99,   24.56,   1.4,    0.988,    0.188,    0.648
   11.01,   22.61,   1.4,     0.99,    0.181,    0.657
   11.04,   20.62,   1.4,    0.991,    0.174,    0.666
   11.06,   18.60,   1.4,    0.992,    0.167,    0.674
   11.09,   16.57,   1.4,    0.992,    0.161,    0.682
   11.11,   14.53,   1.4,    0.992,    0.155,     0.69
   11.14,   12.49,   1.4,    0.992,     0.15,    0.696
   11.16,   10.46,   1.4,    0.992,    0.144,    0.703
   11.19,    8.44,   1.4,    0.991,    0.139,    0.709
   11.21,    6.44,   1.4,     0.99,    0.134,    0.714
   11.24,    4.45,   1.4,    0.989,    0.129,     0.72
   11.26,    2.49,   1.4,    0.988,    0.124,    0.724
   11.29,    0.55,   1.4,    0.986,     0.12,    0.729
   11.31,   -1.37,   1.4,    0.985,    0.116,    0.733
   11.34,   -3.26,   1.4,    0.983,    0.112,    0.737
   11.36,   -5.12,   1.4,     0.98,    0.108,     0.74
   11.39,   -6.95,   1.4,    0.978,    0.104,    0.744
   11.41,   -8.76,   1.4,    0.975,    0.101,    0.747
   11.44,  -10.54,   1.4,    0.972,   0.0972,    0.749
   11.46,  -12.29,   1.4,    0.968,   0.0941,    0.752
   11.49,  -14.01,   1.4,    0.964,    0.091,    0.754
   11.51,  -15.71,   1.4,    0.959,   0.0882,    0.756
   11.54,  -17.39,   1.4,    0.954,   0.0855,    0.758
   11.56,  -19.04,   1.4,    0.949,   0.0831,    0.759
   11.59,  -20.67,   1.4,    0.942,   0.0807,    0.761
   11.61,  -22.28,   1.4,    0.935,   0.0786,    0.762
   11.64,  -23.87,   1.4,    0.928,   0.0766,    0.763
   11.66,  -25.44,   1.4,    0.919,   0.0747,    0.763
   11.71,  -29.95,   1.4,    0.901,   0.0714,    0.765
   11.76,  -33.22,   1.4,    0.875,   0.0689,    0.765
   11.81,  -36.46,   1.4,    0.844,   0.0671,    0.764
   11.86,  -39.77,   1.4,    0.807,    0.066,    0.763
   11.91,  -43.22,   1.4,    0.764,   0.0655,    0.761
   11.96,  -46.85,   1.4,    0.712,   0.0656,    0.759
   12.01,  -50.69,   1.4,    0.652,   0.0664,    0.756
   12.06,  -54.70,   1.4,    0.581,    0.068,    0.752
   12.11,  -58.71,   1.4,      0.5,   0.0703,    0.748
   12.16,  -62.46,   1.4,    0.412,   0.0734,    0.743
   12.21,  -65.59,   1.4,    0.322,   0.0773,    0.738
   12.31,  -70.99,   1.4,     0.17,   0.0867,    0.726
   12.41,  -71.41,   1.4,   0.0696,   0.0993,    0.713
   12.51,  -71.43,   1.4,   0.0376,    0.112,      0.7
   12.61,  -71.40,   1.4,   0.0281,    0.124,    0.688
   12.71,  -71.35,   1.4,   0.0254,    0.136,    0.676
   12.81,  -71.30,   1.4,   0.0247,    0.148,    0.664
   12.91,  -71.25,   1.4,   0.0246,     0.16,    0.653
   13.01,  -71.19,   1.4,   0.0247,    0.171,    0.642
   13.11,  -71.13,   1.4,   0.0249,    0.182,    0.631
   13.21,  -71.07,   1.4,    0.025,    0.193,     0.62
   13.31,  -71.00,   1.4,   0.0252,    0.204,     0.61
   13.41,  -70.93,   1.4,   0.0254,    0.214,      0.6
   13.51,  -70.86,   1.4,   0.0256,    0.225,    0.591
   13.61,  -70.79,   1.4,   0.0259,    0.235,    0.581
   13.71,  -70.71,   1.4,   0.0261,    0.244,    0.572
   13.81,  -70.63,   1.4,   0.0263,    0.254,    0.563
   13.91,  -70.55,   1.4,   0.0266,    0.263,    0.555
   14.01,  -70.47,   1.4,   0.0269,    0.272,    0.547
   14.11,  -70.38,   1.4,   0.0271,    0.281,    0.538
   14.21,  -70.29,   1.4,   0.0274,     0.29,    0.531
   14.31,  -70.20,   1.4,   0.0277,    0.298,    0.523
   14.41,  -70.10,   1.4,   0.0281,    0.306,    0.516
   14.51,  -70.00,   1.4,   0.0284,    0.314,    0.508
   14.61,  -69.90,   1.4,   0.0287,    0.322,    0.502
   14.71,  -69.80,   1.4,   0.0291,     0.33,    0.495
   14.81,  -69.69,   1.4,   0.0294,    0.337,    0.488
   14.91,  -69.59,   1.4,   0.0298,    0.345,    0.482
   15.01,  -69.48,   1.4,   0.0302,    0.352,    0.476
   15.11,  -69.36,   1.4,   0.0306,    0.359,     0.47
   15.21,  -69.25,   1.4,    0.031,    0.365,    0.464
   15.31,  -69.13,   1.4,   0.0315,    0.372,    0.459
   15.41,  -69.01,   1.4,   0.0319,    0.378,    0.453
   15.51,  -68.89,   1.4,   0.0324,    0.384,    0.448
   15.61,  -68.77,   1.4,   0.0329,     0.39,    0.443
   15.71,  -68.64,   1.4,   0.0334,    0.396,    0.439
   15.81,  -68.52,   1.4,   0.0339,    0.401,    0.434
   15.91,  -68.39,   1.4,   0.0344,    0.407,    0.429
   16.01,  -68.26,   1.4,   0.0349,    0.412,    0.425
   16.11,  -68.13,   1.4,   0.0355,    0.417,    0.421
   16.21,  -68.00,   1.4,    0.036,    0.422,    0.417
   16.31,  -67.86,   1.4,   0.0366,    0.427,    0.413
   16.41,  -67.73,   1.4,   0.0372,    0.432,    0.409
   16.51,  -67.60,   1.4,   0.0378,    0.436,    0.406
   16.61,  -67.46,   1.4,   0.0384,     0.44,    0.403
   16.71,  -67.32,   1.4,    0.039,    0.444,    0.399
   16.81,  -67.19,   1.4,   0.0397,    0.448,    0.396
   16.91,  -67.05,   1.4,   0.0403,    0.452,    0.393
   17.01,  -66.91,   1.4,    0.041,    0.456,     0.39
   17.11,  -66.77,   1.4,   0.0417,     0.46,    0.388
   17.21,  -66.63,   1.4,   0.0424,    0.463,    0.385
   17.31,  -66.49,   1.4,   0.0431,    0.466,    0.383
   17.41,  -66.35,   1.4,   0.0438,    0.469,     0.38
   17.51,  -66.21,   1.4,   0.0445,    0.473,    0.378
   17.61,  -66.08,   1.4,   0.0453,    0.475,    0.376
   17.71,  -65.94,   1.4,    0.046,    0.478,    0.374
   17.81,  -65.80,   1.4,   0.0468,    0.481,    0.372
   17.91,  -65.66,   1.4,   0.0476,    0.483,     0.37
   18.01,  -65.52,   1.4,   0.0484,    0.486,    0.368
   18.11,  -65.38,   1.4,   0.0492,    0.488,    0.367
   18.21,  -65.24,   1.4,     0.05,     0.49,    0.365
   18.31,  -65.10,   1.4,   0.0508,    0.492,    0.364
   18.41,  -64.96,   1.4,   0.0516,    0.494,    0.363
   18.51,  -64.83,   1.4,   0.0525,    0.496,    0.361
   18.61,  -64.69,   1.4,   0.0533,    0.497,     0.36
   18.71,  -64.55,   1.4,   0.0542,    0.499,    0.359
   18.81,  -64.41,   1.4,    0.055,      0.5,    0.358
   18.91,  -64.28,   1.4,   0.0559,    0.502,    0.357
   19.01,  -64.14,   1.4,   0.0568,    0.503,    0.357
   19.11,  -64.01,   1.4,   0.0577,    0.504,    0.356
   19.21,  -63.87,   1.4,   0.0586,    0.505,    0.355
   19.31,  -63.74,   1.4,   0.0595,    0.506,    0.355
   19.41,  -63.61,   1.4,   0.0605,    0.507,    0.354
   19.51,  -63.47,   1.4,   0.0614,    0.507,    0.354
   19.61,  -63.34,   1.4,   0.0624,    0.508,    0.353
   19.71,  -63.21,   1.4,   0.0633,    0.509,    0.353
   19.81,  -63.08,   1.4,   0.0643,    0.509,    0.353
   19.91,  -62.94,   1.4,   0.0653,    0.509,    0.353
   20.01,  -62.81,   1.4,   0.0663,     0.51,    0.353
   20.11,  -62.68,   1.4,   0.0673,     0.51,    0.353
   20.21,  -62.55,   1.4,   0.0683,     0.51,    0.353
   20.31,  -62.42,   1.4,   0.0693,     0.51,    0.353
   20.41,  -62.30,   1.4,   0.0703,     0.51,    0.353
   20.51,  -62.17,   1.4,   0.0713,    0.509,    0.353
   20.61,  -62.04,   1.4,   0.0724,    0.509,    0.353
   20.71,  -61.91,   1.4,   0.0734,    0.509,    0.354
   20.81,  -61.78,   1.4,   0.0745,    0.508,    0.354
   20.91,  -61.66,   1.4,   0.0756,    0.508,    0.354
   21.01,  -61.53,   1.4,   0.0767,    0.507,    0.355
   21.11,  -61.40,   1.4,   0.0778,    0.507,    0.355
   21.21,  -61.27,   1.4,   0.0789,    0.506,    0.356
   21.31,  -61.15,   1.4,     0.08,    0.505,    0.356
   21.41,  -61.02,   1.4,   0.0811,    0.504,    0.357
   21.51,  -60.90,   1.4,   0.0823,    0.503,    0.358
   21.61,  -60.77,   1.4,   0.0835,    0.502,    0.358
   21.71,  -60.64,   1.4,   0.0846,    0.501,    0.359
   21.81,  -60.52,   1.4,   0.0858,      0.5,     0.36
   21.91,  -60.39,   1.4,    0.087,    0.499,    0.361
   22.01,  -60.26,   1.4,   0.0882,    0.498,    0.362
   22.11,  -60.13,   1.4,   0.0895,    0.496,    0.362
   22.21,  -60.01,   1.4,   0.0907,    0.495,    0.363
   22.31,  -59.88,   1.4,    0.092,    0.493,    0.364
   22.41,  -59.75,   1.4,   0.0933,    0.492,    0.365
   22.51,  -59.62,   1.4,   0.0946,     0.49,    0.366
   22.61,  -59.49,   1.4,   0.0959,    0.488,    0.367
   22.71,  -59.35,   1.4,   0.0973,    0.487,    0.368
   22.81,  -59.22,   1.4,   0.0987,    0.485,     0.37
   22.91,  -59.09,   1.4,      0.1,    0.483,    0.371
   23.01,  -58.95,   1.4,    0.102,    0.481,    0.372
   23.11,  -58.81,   1.4,    0.103,    0.479,    0.373
   23.21,  -58.67,   1.4,    0.105,    0.477,    0.374
   23.31,  -58.52,   1.4,    0.106,    0.475,    0.376
   23.41,  -58.38,   1.4,    0.108,    0.473,    0.377
   23.51,  -58.23,   1.4,    0.109,     0.47,    0.378
   23.61,  -58.07,   1.4,    0.111,    0.468,     0.38
   23.71,  -57.91,   1.4,    0.113,    0.466,    0.381
   23.81,  -57.74,   1.4,    0.115,    0.463,    0.383
   23.91,  -57.57,   1.4,    0.117,    0.461,    0.384
   24.01,  -57.39,   1.4,    0.119,    0.458,    0.386
   24.11,  -57.19,   1.4,    0.121,    0.455,    0.387
   24.21,  -56.99,   1.4,    0.123,    0.453,    0.389
   24.31,  -56.77,   1.4,    0.125,     0.45,     0.39
   24.41,  -56.53,   1.4,    0.128,    0.447,    0.392
   24.51,  -56.27,   1.4,    0.131,    0.443,    0.394
   24.61,  -55.98,   1.4,    0.134,     0.44,    0.396
   24.71,  -55.66,   1.4,    0.138,    0.437,    0.398
   24.81,  -55.29,   1.4,    0.142,    0.433,      0.4
   24.91,  -54.86,   1.4,    0.146,    0.429,    0.402
   25.01,  -54.35,   1.4,    0.151,    0.425,    0.405
   25.11,  -53.73,   1.4,    0.158,    0.421,    0.407
   25.21,  -52.95,   1.4,    0.165,    0.416,     0.41
   25.31,  -51.96,   1.4,    0.175,     0.41,    0.413
   25.41,  -50.62,   1.4,    0.187,    0.404,    0.417
   25.51,  -48.71,   1.4,    0.204,    0.397,    0.421
   25.61,  -45.82,   1.4,    0.227,    0.387,    0.426
   25.71,  -40.98,   1.4,    0.263,    0.375,    0.433
   25.81,  -31.79,   1.4,    0.322,    0.357,    0.443
   25.86,  -25.37,   1.4,     0.38,    0.343,    0.451
   25.89,  -21.62,   1.4,    0.417,    0.334,    0.456
   25.91,  -16.85,   1.4,    0.458,    0.324,    0.462
   25.94,  -10.98,   1.4,    0.504,    0.314,    0.468
   25.96,   -4.01,   1.4,    0.556,    0.303,    0.476
   25.97,   -0.69,   1.4,    0.585,    0.298,     0.48
   25.99,    2.84,   1.4,    0.615,    0.293,    0.485
   26.00,    6.49,   1.4,    0.644,    0.287,     0.49
   26.01,   10.19,   1.4,    0.674,    0.282,    0.496
   26.02,   13.82,   1.4,    0.704,    0.277,    0.501
   26.04,   17.29,   1.4,    0.732,    0.272,    0.507
   26.05,   20.51,   1.4,     0.76,    0.267,    0.514
   26.06,   23.38,   1.4,    0.786,    0.262,     0.52
   26.09,   28.80,   1.4,    0.833,    0.252,    0.533
   26.11,   31.74,   1.4,    0.873,    0.243,    0.547
   26.14,   32.83,   1.4,    0.905,    0.234,    0.561
   26.16,   32.73,   1.4,    0.929,    0.225,    0.575
   26.19,   31.93,   1.4,    0.946,    0.217,    0.588
   26.21,   30.71,   1.4,    0.959,    0.209,      0.6
   26.24,   29.23,   1.4,    0.969,    0.201,    0.612
   26.26,   27.58,   1.4,    0.976,    0.193,    0.623
   26.29,   25.80,   1.4,    0.981,    0.186,    0.634
   26.31,   23.93,   1.4,    0.984,    0.179,    0.644
   26.34,   22.00,   1.4,    0.987,    0.173,    0.654
   26.36,   20.02,   1.4,    0.989,    0.166,    0.663
   26.39,   18.00,   1.4,     0.99,     0.16,    0.671
   26.41,   15.96,   1.4,    0.991,    0.154,    0.679
   26.44,   13.91,   1.4,    0.991,    0.149,    0.686
   26.46,   11.86,   1.4,    0.991,    0.143,    0.693
   26.49,    9.82,   1.4,    0.991,    0.138,    0.699
   26.51,    7.78,   1.4,     0.99,    0.133,    0.705
   26.54,    5.76,   1.4,    0.989,    0.128,    0.711
   26.56,    3.76,   1.4,    0.988,    0.124,    0.716
   26.59,    1.79,   1.4,    0.987,    0.119,    0.721
   26.61,   -0.17,   1.4,    0.986,    0.115,    0.725
   26.64,   -2.09,   1.4,    0.984,    0.111,     0.73
   26.66,   -3.99,   1.4,    0.982,    0.107,    0.733
   26.69,   -5.86,   1.4,    0.979,    0.103,    0.737
   26.71,   -7.70,   1.4,    0.977,   0.0997,     0.74
   26.74,   -9.52,   1.4,    0.974,   0.0964,    0.743
   26.76,  -11.30,   1.4,     0.97,   0.0932,    0.746
   26.79,  -13.06,   1.4,    0.966,   0.0902,    0.748
   26.81,  -14.79,   1.4,    0.962,   0.0874,     0.75
   26.84,  -16.49,   1.4,    0.957,   0.0847,    0.752
   26.86,  -18.17,   1.4,    0.952,   0.0822,    0.754
   26.89,  -19.82,   1.4,    0.946,   0.0798,    0.756
   26.91,  -21.45,   1.4,    0.939,   0.0776,    0.757
   26.94,  -23.06,   1.4,    0.932,   0.0756,    0.758
   26.96,  -24.65,   1.4,    0.924,   0.0737,    0.759
   27.01,  -29.18,   1.4,    0.906,   0.0703,     0.76
   27.06,  -32.47,   1.4,    0.881,   0.0678,    0.761
   27.11,  -35.70,   1.4,    0.852,   0.0659,    0.761
   27.16,  -38.98,   1.4,    0.816,   0.0647,     0.76
   27.21,  -42.38,   1.4,    0.775,   0.0641,    0.758
   27.26,  -45.95,   1.4,    0.725,   0.0641,    0.756
   27.31,  -49.71,   1.4,    0.667,   0.0648,    0.753
   27.36,  -53.66,   1.4,    0.599,   0.0662,     0.75
   27.41,  -57.65,   1.4,    0.521,   0.0683,    0.746
   27.46,  -61.46,   1.4,    0.435,   0.0712,    0.741
   27.51,  -64.76,   1.4,    0.345,   0.0749,    0.736
   27.61,  -70.75,   1.4,    0.188,   0.0839,    0.724
   27.71,  -71.37,   1.4,   0.0769,   0.0963,    0.712
   27.81,  -71.42,   1.4,   0.0398,    0.109,    0.699
   27.91,  -71.39,   1.4,   0.0288,    0.121,    0.687
   28.01,  -71.34,   1.4,   0.0256,    0.134,    0.675
   28.11,  -71.29,   1.4,   0.0248,    0.146,    0.663
   28.21,  -71.24,   1.4,   0.0247,    0.157,    0.652
   28.31,  -71.18,   1.4,   0.0247,    0.169,     0.64
   28.41,  -71.12,   1.4,   0.0249,     0.18,     0.63
   28.51,  -71.06,   1.4,   0.0251,    0.191,    0.619
   28.61,  -70.99,   1.4,   0.0253,    0.201,    0.609
   28.71,  -70.93,   1.4,   0.0255,    0.212,    0.599
   28.81,  -70.86,   1.4,   0.0257,    0.222,     0.59
   28.91,  -70.78,   1.4,   0.0259,    0.232,     0.58
   29.01,  -70.71,   1.4,   0.0261,    0.242,    0.571
   29.11,  -70.63,   1.4,   0.0264,    0.251,    0.562
   29.21,  -70.54,   1.4,   0.0266,    0.261,    0.554
   29.31,  -70.46,   1.4,   0.0269,     0.27,    0.546
   29.41,  -70.37,   1.4,   0.0272,    0.279,    0.538
   29.51,  -70.28,   1.4,   0.0275,    0.288,     0.53
   29.61,  -70.19,   1.4,   0.0278,    0.296,    0.522
   29.71,  -70.09,   1.4,   0.0281,    0.304,    0.515
   29.81,  -69.99,   1.4,   0.0284,    0.312,    0.508
   29.91,  -69.89,   1.4,   0.0288,     0.32,    0.501
   30.01,  -69.79,   1.4,   0.0291,    0.328,    0.494
   30.11,  -69.68,   1.4,   0.0295,    0.335,    0.488
   30.21,  -69.57,   1.4,   0.0299,    0.343,    0.481
   30.31,  -69.46,   1.4,   0.0303,     0.35,    0.475
   30.41,  -69.35,   1.4,   0.0307,    0.357,    0.469
   30.51,  -69.23,   1.4,   0.0311,    0.363,    0.464
   30.61,  -69.12,   1.4,   0.0315,     0.37,    0.458
   30.71,  -69.00,   1.4,    0.032,    0.376,    0.453
   30.81,  -68.88,   1.4,   0.0324,    0.382,    0.448
   30.91,  -68.75,   1.4,   0.0329,    0.388,    0.443
   31.01,  -68.63,   1.4,   0.0334,    0.394,    0.438
   31.11,  -68.50,   1.4,   0.0339,      0.4,    0.433
   31.21,  -68.37,   1.4,   0.0344,    0.405,    0.429
   31.31,  -68.25,   1.4,    0.035,     0.41,    0.425
   31.41,  -68.11,   1.4,   0.0355,    0.416,    0.421
   31.51,  -67.98,   1.4,   0.0361,    0.421,    0.417
   31.61,  -67.85,   1.4,   0.0367,    0.425,    0.413
   31.71,  -67.72,   1.4,   0.0373,     0.43,    0.409
   31.81,  -67.58,   1.4,   0.0379,    0.434,    0.406
   31.91,  -67.45,   1.4,   0.0385,    0.439,    0.402
   32.01,  -67.31,   1.4,   0.0391,    0.443,    0.399
   32.11,  -67.17,   1.4,   0.0397,    0.447,    0.396
   32.21,  -67.03,   1.4,   0.0404,    0.451,    0.393
   32.31,  -66.90,   1.4,   0.0411,    0.455,     0.39
   32.41,  -66.76,   1.4,   0.0418,    0.458,    0.387
   32.51,  -66.62,   1.4,   0.0424,    0.462,    0.385
   32.61,  -66.48,   1.4,   0.0432,    0.465,    0.382
   32.71,  -66.34,   1.4,   0.0439,    0.468,     0.38
   32.81,  -66.20,   1.4,   0.0446,    0.471,    0.378
   32.91,  -66.06,   1.4,   0.0453,    0.474,    0.376
   33.01,  -65.92,   1.4,   0.0461,    0.477,    0.374
   33.11,  -65.78,   1.4,   0.0469,    0.479,    0.372
   33.21,  -65.64,   1.4,   0.0476,    0.482,     0.37
   33.31,  -65.50,   1.4,   0.0484,    0.484,    0.368
   33.41,  -65.36,   1.4,   0.0492,    0.487,    0.367
   33.51,  -65.23,   1.4,     0.05,    0.489,    0.365
   33.61,  -65.09,   1.4,   0.0509,    0.491,    0.364
   33.71,  -64.95,   1.4,   0.0517,    0.493,    0.362
   33.81,  -64.81,   1.4,   0.0525,    0.494,    0.361
   33.91,  -64.68,   1.4,   0.0534,    0.496,     0.36
   34.01,  -64.54,   1.4,   0.0543,    0.498,    0.359
   34.11,  -64.40,   1.4,   0.0551,    0.499,    0.358
   34.21,  -64.27,   1.4,    0.056,      0.5,    0.357
   34.31,  -64.13,   1.4,   0.0569,    0.502,    0.357
   34.41,  -64.00,   1.4,   0.0578,    0.503,    0.356
   34.51,  -63.86,   1.4,   0.0587,    0.504,    0.355
   34.61,  -63.73,   1.4,   0.0596,    0.505,    0.355
   34.71,  -63.59,   1.4,   0.0606,    0.506,    0.354
   34.81,  -63.46,   1.4,   0.0615,    0.506,    0.354
   34.91,  -63.33,   1.4,   0.0624,    0.507,    0.353
   35.01,  -63.20,   1.4,   0.0634,    0.507,    0.353
   35.11,  -63.07,   1.4,   0.0644,    0.508,    0.353
   35.21,  -62.93,   1.4,   0.0654,    0.508,    0.353
   35.31,  -62.80,   1.4,   0.0663,    0.508,    0.353
   35.41,  -62.67,   1.4,   0.0673,    0.509,    0.353
   35.51,  -62.54,   1.4,   0.0683,    0.509,    0.353
   35.61,  -62.42,   1.4,   0.0694,    0.509,    0.353
   35.71,  -62.29,   1.4,   0.0704,    0.509,    0.353
   35.81,  -62.16,   1.4,   0.0714,    0.508,    0.353
   35.91,  -62.03,   1.4,   0.0725,    0.508,    0.353
   36.01,  -61.90,   1.4,   0.0735,    0.508,    0.354
   36.11,  -61.78,   1.4,   0.0746,    0.507,    0.354
   36.21,  -61.65,   1.4,   0.0756,    0.507,    0.354
   36.31,  -61.52,   1.4,   0.0767,    0.506,    0.355
   36.41,  -61.40,   1.4,   0.0778,    0.506,    0.355
   36.51,  -61.27,   1.4,   0.0789,    0.505,    0.356
   36.61,  -61.14,   1.4,   0.0801,    0.504,    0.356
   36.71,  -61.02,   1.4,   0.0812,    0.503,    0.357
   36.81,  -60.89,   1.4,   0.0823,    0.502,    0.358
   36.91,  -60.77,   1.4,   0.0835,    0.501,    0.358
   37.01,  -60.64,   1.4,   0.0847,      0.5,    0.359
   37.11,  -60.51,   1.4,   0.0858,    0.499,     0.36
   37.21,  -60.39,   1.4,    0.087,    0.498,    0.361
   37.31,  -60.26,   1.4,   0.0883,    0.497,    0.362
   37.41,  -60.13,   1.4,   0.0895,    0.495,    0.362
   37.51,  -60.01,   1.4,   0.0907,    0.494,    0.363
   37.61,  -59.88,   1.4,    0.092,    0.493,    0.364
   37.71,  -59.75,   1.4,   0.0933,    0.491,    0.365
   37.81,  -59.62,   1.4,   0.0946,    0.489,    0.366
   37.91,  -59.49,   1.4,   0.0959,    0.488,    0.367
   38.01,  -59.36,   1.4,   0.0973,    0.486,    0.368
   38.11,  -59.23,   1.4,   0.0986,    0.484,     0.37
   38.21,  -59.09,   1.4,      0.1,    0.482,    0.371
   38.31,  -58.96,   1.4,    0.101,     0.48,    0.372
   38.41,  -58.82,   1.4,    0.103,    0.478,    0.373
   38.51,  -58.68,   1.4,    0.104,    0.476,    0.374
   38.61,  -58.54,   1.4,    0.106,    0.474,    0.376
   38.71,  -58.40,   1.4,    0.108,    0.472,    0.377
   38.81,  -58.25,   1.4,    0.109,     0.47,    0.378
   38.91,  -58.09,   1.4,    0.111,    0.468,     0.38
   39.01,  -57.94,   1.4,    0.113,    0.465,    0.381
   39.11,  -57.77,   1.4,    0.114,    0.463,    0.382
   39.21,  -57.61,   1.4,    0.116,     0.46,    0.384
   39.31,  -57.43,   1.4,    0.118,    0.458,    0.385
   39.41,  -57.24,   1.4,     0.12,    0.455,    0.387
   39.51,  -57.04,   1.4,    0.123,    0.452,    0.389
   39.61,  -56.83,   1.4,    0.125,    0.449,     0.39
   39.71,  -56.61,   1.4,    0.127,    0.446,    0.392
   39.81,  -56.36,   1.4,     0.13,    0.443,    0.394
   39.91,  -56.08,   1.4,    0.133,     0.44,    0.396
   40.01,  -55.78,   1.4,    0.136,    0.437,    0.398
   40.11,  -55.44,   1.4,     0.14,    0.433,      0.4
   40.21,  -55.04,   1.4,    0.144,    0.429,    0.402
   40.31,  -54.57,   1.4,    0.149,    0.426,    0.404
   40.41,  -54.01,   1.4,    0.155,    0.421,    0.406
   40.51,  -53.32,   1.4,    0.162,    0.417,    0.409
   40.61,  -52.45,   1.4,     0.17,    0.411,    0.412
   40.71,  -51.30,   1.4,    0.181,    0.406,    0.416
   40.81,  -49.71,   1.4,    0.195,    0.399,    0.419
   40.91,  -47.38,   1.4,    0.215,    0.391,    0.424
   41.01,  -43.68,   1.4,    0.244,     0.38,     0.43
   41.11,  -37.12,   1.4,     0.29,    0.366,    0.438
   41.21,  -23.62,   1.4,     0.37,    0.343,     0.45
   41.24,  -20.29,   1.4,    0.411,    0.334,    0.456
   41.26,  -15.82,   1.4,    0.456,    0.324,    0.462
   41.29,  -10.16,   1.4,    0.504,    0.313,    0.469
   41.31,   -3.33,   1.4,    0.558,    0.303,    0.477
   41.33,   -0.05,   1.4,    0.587,    0.297,    0.481
   41.34,    3.43,   1.4,    0.617,    0.292,    0.486
   41.35,    7.04,   1.4,    0.647,    0.287,    0.491
   41.36,   10.69,   1.4,    0.677,    0.281,    0.497
   41.38,   14.27,   1.4,    0.706,    0.276,    0.502
   41.39,   17.69,   1.4,    0.735,    0.271,    0.508
   41.40,   20.85,   1.4,    0.762,    0.266,    0.515
   41.41,   23.67,   1.4,    0.788,    0.261,    0.521
   41.44,   28.96,   1.4,    0.836,    0.252,    0.534
   41.46,   31.80,   1.4,    0.875,    0.242,    0.548
   41.49,   32.82,   1.4,    0.906,    0.233,    0.562
   41.51,   32.68,   1.4,     0.93,    0.225,    0.575
   41.54,   31.85,   1.4,    0.947,    0.216,    0.589
   41.56,   30.62,   1.4,     0.96,    0.208,    0.601
   41.59,   29.13,   1.4,    0.969,    0.201,    0.613
   41.61,   27.47,   1.4,    0.976,    0.193,    0.624
   41.64,   25.69,   1.4,    0.981,    0.186,    0.635
   41.66,   23.82,   1.4,    0.984,    0.179,    0.645
   41.69,   21.88,   1.4,    0.987,    0.172,    0.654
   41.71,   19.90,   1.4,    0.989,    0.166,    0.663
   41.74,   17.88,   1.4,     0.99,     0.16,    0.671
   41.76,   15.84,   1.4,    0.991,    0.154,    0.679
   41.79,   13.79,   1.4,    0.991,    0.148,    0.687
   41.81,   11.74,   1.4,    0.991,    0.143,    0.693
   41.84,    9.70,   1.4,    0.991,    0.138,      0.7
   41.86,    7.67,   1.4,     0.99,    0.133,    0.706
   41.89,    5.65,   1.4,    0.989,    0.128,    0.711
   41.91,    3.65,   1.4,    0.988,    0.123,    0.717
   41.94,    1.68,   1.4,    0.987,    0.119,    0.721
   41.96,   -0.27,   1.4,    0.985,    0.115,    0.726
   41.99,   -2.20,   1.4,    0.984,    0.111,     0.73
   42.01,   -4.09,   1.4,    0.982,    0.107,    0.734
   42.04,   -5.96,   1.4,    0.979,    0.103,    0.737
   42.06,   -7.80,   1.4,    0.977,   0.0996,     0.74
   42.09,   -9.61,   1.4,    0.973,   0.0962,    0.743
   42.11,  -11.40,   1.4,     0.97,   0.0931,    0.746
   42.14,  -13.15,   1.4,    0.966,   0.0901,    0.748
   42.16,  -14.88,   1.4,    0.962,   0.0872,    0.751
   42.19,  -16.58,   1.4,    0.957,   0.0846,    0.752
   42.21,  -18.26,   1.4,    0.951,   0.0821,    0.754
   42.24,  -19.91,   1.4,    0.945,   0.0797,    0.756
   42.26,  -21.54,   1.4,    0.939,   0.0775,    0.757
   42.29,  -23.14,   1.4,    0.931,   0.0755,    0.758
   42.31,  -24.73,   1.4,    0.923,   0.0737,    0.759
   42.36,  -29.27,   1.4,    0.906,   0.0703,     0.76
   42.41,  -32.56,   1.4,    0.881,   0.0678,    0.761
   42.46,  -35.78,   1.4,    0.851,   0.0659,    0.761
   42.51,  -39.07,   1.4,    0.816,   0.0647,     0.76
   42.56,  -42.47,   1.4,    0.774,   0.0641,    0.758
   42.61,  -46.04,   1.4,    0.724,   0.0641,    0.756
   42.66,  -49.81,   1.4,    0.665,   0.0648,    0.753
   42.71,  -53.76,   1.4,    0.597,   0.0662,     0.75
   42.76,  -57.76,   1.4,    0.519,   0.0683,    0.746
   42.81,  -61.56,   1.4,    0.432,   0.0713,    0.741
   42.86,  -64.84,   1.4,    0.343,    0.075,    0.736
   42.96,  -70.77,   1.4,    0.187,   0.0841,    0.724
   43.06,  -71.37,   1.4,   0.0762,   0.0965,    0.711
   43.16,  -71.42,   1.4,   0.0396,    0.109,    0.699
   43.26,  -71.39,   1.4,   0.0287,    0.122,    0.686
   43.36,  -71.34,   1.4,   0.0256,    0.134,    0.674
   43.46,  -71.29,   1.4,   0.0248,    0.146,    0.663
   43.56,  -71.24,   1.4,   0.0247,    0.157,    0.651
   43.66,  -71.18,   1.4,   0.0247,    0.169,     0.64
   43.76,  -71.12,   1.4,   0.0249,     0.18,     0.63
   43.86,  -71.06,   1.4,   0.0251,    0.191,    0.619
   43.96,  -70.99,   1.4,   0.0253,    0.202,    0.609
   44.06,  -70.93,   1.4,   0.0255,    0.212,    0.599
   44.16,  -70.85,   1.4,   0.0257,    0.222,     0.59
   44.26,  -70.78,   1.4,   0.0259,    0.232,     0.58
   44.36,  -70.70,   1.4,   0.0261,    0.242,    0.571
   44.46,  -70.63,   1.4,   0.0264,    0.252,    0.562
   44.56,  -70.54,   1.4,   0.0266,    0.261,    0.554
   44.66,  -70.46,   1.4,   0.0269,     0.27,    0.546
   44.76,  -70.37,   1.4,   0.0272,    0.279,    0.537
   44.86,  -70.28,   1.4,   0.0275,    0.288,     0.53
   44.96,  -70.19,   1.4,   0.0278,    0.296,    0.522
   45.06,  -70.09,   1.4,   0.0281,    0.304,    0.515
   45.16,  -69.99,   1.4,   0.0284,    0.312,    0.508
   45.26,  -69.89,   1.4,   0.0288,     0.32,    0.501
   45.36,  -69.79,   1.4,   0.0291,    0.328,    0.494
   45.46,  -69.68,   1.4,   0.0295,    0.335,    0.488
   45.56,  -69.57,   1.4,   0.0299,    0.343,    0.481
   45.66,  -69.46,   1.4,   0.0303,     0.35,    0.475
   45.76,  -69.35,   1.4,   0.0307,    0.357,    0.469
   45.86,  -69.23,   1.4,   0.0311,    0.363,    0.464
   45.96,  -69.12,   1.4,   0.0315,     0.37,    0.458
   46.06,  -69.00,   1.4,    0.032,    0.376,    0.453
   46.16,  -68.88,   1.4,   0.0324,    0.382,    0.448
   46.26,  -68.75,   1.4,   0.0329,    0.388,    0.443
   46.36,  -68.63,   1.4,   0.0334,    0.394,    0.438
   46.46,  -68.50,   1.4,   0.0339,      0.4,    0.433
   46.56,  -68.37,   1.4,   0.0344,    0.405,    0.429
   46.66,  -68.24,   1.4,    0.035,    0.411,    0.425
   46.76,  -68.11,   1.4,   0.0355,    0.416,     0.42
   46.86,  -67.98,   1.4,   0.0361,    0.421,    0.416
   46.96,  -67.85,   1.4,   0.0367,    0.425,    0.413
   47.06,  -67.71,   1.4,   0.0373,     0.43,    0.409
   47.16,  -67.58,   1.4,   0.0379,    0.434,    0.405
   47.26,  -67.44,   1.4,   0.0385,    0.439,    0.402
   47.36,  -67.31,   1.4,   0.0391,    0.443,    0.399
   47.46,  -67.17,   1.4,   0.0398,    0.447,    0.396
   47.56,  -67.03,   1.4,   0.0404,    0.451,    0.393
   47.66,  -66.89,   1.4,   0.0411,    0.455,     0.39
   47.76,  -66.76,   1.4,   0.0418,    0.458,    0.387
   47.86,  -66.62,   1.4,   0.0425,    0.462,    0.385
   47.96,  -66.48,   1.4,   0.0432,    0.465,    0.382
   48.06,  -66.34,   1.4,   0.0439,    0.468,     0.38
   48.16,  -66.20,   1.4,   0.0446,    0.471,    0.378
   48.26,  -66.06,   1.4,   0.0454,    0.474,    0.376
   48.36,  -65.92,   1.4,   0.0461,    0.477,    0.374
   48.46,  -65.78,   1.4,   0.0469,    0.479,    0.372
   48.56,  -65.64,   1.4,   0.0477,    0.482,     0.37
   48.66,  -65.50,   1.4,   0.0484,    0.484,    0.368
   48.76,  -65.36,   1.4,   0.0492,    0.487,    0.367
   48.86,  -65.22,   1.4,   0.0501,    0.489,    0.365
   48.96,  -65.09,   1.4,   0.0509,    0.491,    0.364
   49.06,  -64.95,   1.4,   0.0517,    0.493,    0.362
   49.16,  -64.81,   1.4,   0.0525,    0.494,    0.361
   49.26,  -64.67,   1.4,   0.0534,    0.496,     0.36
   49.36,  -64.54,   1.4,   0.0543,    0.498,    0.359
   49.46,  -64.40,   1.4,   0.0551,    0.499,    0.358
   49.56,  -64.26,   1.4,    0.056,      0.5,    0.357
   49.66,  -64.13,   1.4,   0.0569,    0.502,    0.357
   49.76,  -63.99,   1.4,   0.0578,    0.503,    0.356
   49.86,  -63.86,   1.4,   0.0587,    0.504,    0.355
   49.96,  -63.73,   1.4,   0.0596,    0.505,    0.355
   50.06,  -63.59,   1.4,   0.0606,    0.506,    0.354
   50.16,  -63.46,   1.4,   0.0615,    0.506,    0.354
   50.26,  -63.33,   1.4,   0.0625,    0.507,    0.353
   50.36,  -63.20,   1.4,   0.0634,    0.507,    0.353
   50.46,  -63.06,   1.4,   0.0644,    0.508,    0.353
   50.56,  -62.93,   1.4,   0.0654,    0.508,    0.353
   50.66,  -62.80,   1.4,   0.0663,    0.509,    0.353
   50.76,  -62.67,   1.4,   0.0673,    0.509,    0.353
   50.86,  -62.54,   1.4,   0.0683,    0.509,    0.353
   50.96,  -62.41,   1.4,   0.0694,    0.509,    0.353
   51.06,  -62.29,   1.4,   0.0704,    0.509,    0.353
   51.16,  -62.16,   1.4,   0.0714,    0.508,    0.353
   51.26,  -62.03,   1.4,   0.0725,    0.508,    0.353
   51.36,  -61.90,   1.4,   0.0735,    0.508,    0.354
   51.46,  -61.77,   1.4,   0.0746,    0.507,    0.354
   51.56,  -61.65,   1.4,   0.0757,    0.507,    0.354
   51.66,  -61.52,   1.4,   0.0767,    0.506,    0.355
   51.76,  -61.39,   1.4,   0.0778,    0.506,    0.355
   51.86,  -61.27,   1.4,    0.079,    0.505,    0.356
   51.96,  -61.14,   1.4,   0.0801,    0.504,    0.356
   52.06,  -61.02,   1.4,   0.0812,    0.503,    0.357
   52.16,  -60.89,   1.4,   0.0823,    0.502,    0.358
   52.26,  -60.76,   1.4,   0.0835,    0.501,    0.358
   52.36,  -60.64,   1.4,   0.0847,      0.5,    0.359
   52.46,  -60.51,   1.4,   0.0859,    0.499,     0.36
   52.56,  -60.39,   1.4,   0.0871,    0.498,    0.361
   52.66,  -60.26,   1.4,   0.0883,    0.497,    0.362
   52.76,  -60.13,   1.4,   0.0895,    0.495,    0.362
   52.86,  -60.00,   1.4,   0.0908,    0.494,    0.363
   52.96,  -59.88,   1.4,    0.092,    0.493,    0.364
   53.06,  -59.75,   1.4,   0.0933,    0.491,    0.365
   53.16,  -59.62,   1.4,   0.0946,    0.489,    0.366
   53.26,  -59.49,   1.4,   0.0959,    0.488,    0.367
   53.36,  -59.36,   1.4,   0.0973,    0.486,    0.368
   53.46,  -59.23,   1.4,   0.0987,    0.484,     0.37
   53.56,  -59.09,   1.4,      0.1,    0.482,    0.371
   53.66,  -58.96,   1.4,    0.101,     0.48,    0.372
   53.76,  -58.82,   1.4,    0.103,    0.478,    0.373
   53.86,  -58.68,   1.4,    0.104,    0.476,    0.374
   53.96,  -58.54,   1.4,    0.106,    0.474,    0.376
   54.06,  -58.39,   1.4,    0.108,    0.472,    0.377
   54.16,  -58.25,   1.4,    0.109,     0.47,    0.378
   54.26,  -58.09,   1.4,    0.111,    0.468,     0.38
   54.36,  -57.94,   1.4,    0.113,    0.465,    0.381
   54.46,  -57.77,   1.4,    0.114,    0.463,    0.382
   54.56,  -57.60,   1.4,    0.116,     0.46,    0.384
   54.66,  -57.43,   1.4,    0.118,    0.458,    0.385
   54.76,  -57.24,   1.4,     0.12,    0.455,    0.387
   54.86,  -57.04,   1.4,    0.123,    0.452,    0.389
   54.96,  -56.83,   1.4,    0.125,    0.449,     0.39
   55.06,  -56.60,   1.4,    0.127,    0.446,    0.392
   55.16,  -56.35,   1.4,     0.13,    0.443,    0.394
   55.26,  -56.08,   1.4,    0.133,     0.44,    0.396
   55.36,  -55.78,   1.4,    0.137,    0.437,    0.398
   55.46,  -55.43,   1.4,     0.14,    0.433,      0.4
   55.56,  -55.03,   1.4,    0.144,    0.429,    0.402
   55.66,  -54.56,   1.4,    0.149,    0.425,    0.404
   55.76,  -54.00,   1.4,    0.155,    0.421,    0.407
   55.86,  -53.45,   0.0,    0.162,    0.416,    0.409
   55.96,  -52.73,   0.0,     0.17,    0.411,    0.412
   56.06,  -51.78,   0.0,    0.179,    0.406,    0.415
   56.16,  -50.48,   0.0,    0.191,      0.4,    0.419
   56.26,  -48.62,   0.0,    0.207,    0.392,    0.423
   56.36,  -45.79,   0.0,     0.23,    0.383,    0.428
   56.46,  -41.05,   0.0,    0.265,    0.371,    0.435
   56.56,  -32.05,   0.0,    0.324,    0.354,    0.445
   56.61,  -25.80,   0.0,     0.38,    0.339,    0.453
   56.64,  -22.16,   0.0,    0.416,     0.33,    0.458
   56.66,  -17.53,   0.0,    0.456,    0.321,    0.463
   56.69,  -11.83,   0.0,    0.502,    0.311,     0.47
   56.71,   -5.06,   0.0,    0.552,    0.301,    0.477
   56.74,    2.60,   0.0,    0.608,     0.29,    0.486
   56.75,    6.05,   0.0,    0.638,    0.285,    0.491
   56.76,    9.57,   0.0,    0.668,     0.28,    0.496
   56.78,   13.08,   0.0,    0.698,    0.274,    0.502
   56.79,   16.47,   0.0,    0.727,    0.269,    0.508
   56.80,   19.64,   0.0,    0.754,    0.264,    0.514
   56.81,   22.50,   0.0,    0.781,    0.259,     0.52
   56.84,   28.00,   0.0,    0.829,     0.25,    0.534
   56.86,   31.10,   0.0,    0.869,    0.241,    0.547
   56.89,   32.34,   0.0,    0.901,    0.232,    0.561
   56.91,   32.35,   0.0,    0.926,    0.223,    0.574
   56.94,   31.62,   0.0,    0.944,    0.215,    0.587
   56.96,   30.44,   0.0,    0.958,    0.207,      0.6
   56.99,   28.99,   0.0,    0.968,    0.199,    0.612
   57.01,   27.35,   0.0,    0.975,    0.192,    0.623
   57.04,   25.58,   0.0,     0.98,    0.185,    0.634
   57.06,   23.72,   0.0,    0.984,    0.178,    0.644
   57.09,   21.79,   0.0,    0.986,    0.171,    0.653
   57.11,   19.81,   0.0,    0.988,    0.165,    0.662
   57.14,   17.79,   0.0,     0.99,    0.159,     0.67
   57.16,   15.75,   0.0,     0.99,    0.153,    0.678
   57.19,   13.70,   0.0,    0.991,    0.147,    0.686
   57.21,   11.65,   0.0,    0.991,    0.142,    0.693
   57.24,    9.60,   0.0,     0.99,    0.137,    0.699
   57.26,    7.57,   0.0,     0.99,    0.132,    0.705
   57.29,    5.55,   0.0,    0.989,    0.127,     0.71
   57.31,    3.54,   0.0,    0.988,    0.123,    0.716
   57.34,    1.57,   0.0,    0.987,    0.118,     0.72
   57.36,   -0.39,   0.0,    0.985,    0.114,    0.725
   57.39,   -2.31,   0.0,    0.983,     0.11,    0.729
   57.41,   -4.21,   0.0,    0.981,    0.106,    0.733
   57.44,   -6.09,   0.0,    0.979,    0.102,    0.736
   57.46,   -7.93,   0.0,    0.976,   0.0989,     0.74
   57.49,   -9.74,   0.0,    0.973,   0.0956,    0.742
   57.51,  -11.53,   0.0,     0.97,   0.0925,    0.745
   57.54,  -13.29,   0.0,    0.966,   0.0895,    0.748
   57.56,  -15.02,   0.0,    0.961,   0.0867,     0.75
   57.59,  -16.72,   0.0,    0.957,    0.084,    0.752
   57.61,  -18.40,   0.0,    0.951,   0.0816,    0.753
   57.64,  -20.05,   0.0,    0.945,   0.0792,    0.755
   57.66,  -21.68,   0.0,    0.938,   0.0771,    0.756
   57.69,  -23.29,   0.0,    0.931,   0.0751,    0.757
   57.74,  -27.90,   0.0,    0.915,   0.0714,    0.759
   57.79,  -31.20,   0.0,    0.892,   0.0686,     0.76
   57.84,  -34.42,   0.0,    0.864,   0.0665,     0.76
   57.89,  -37.67,   0.0,    0.831,    0.065,    0.759
   57.94,  -41.02,   0.0,    0.792,   0.0642,    0.758
   57.99,  -44.53,   0.0,    0.746,   0.0639,    0.756
   58.04,  -48.23,   0.0,    0.691,   0.0644,    0.754
   58.09,  -52.12,   0.0,    0.627,   0.0655,     0.75
   58.14,  -56.14,   0.0,    0.552,   0.0673,    0.747
   58.19,  -60.08,   0.0,    0.469,   0.0699,    0.742
   58.24,  -63.64,   0.0,    0.379,   0.0733,    0.737
   58.34,  -70.60,   0.0,    0.216,   0.0818,    0.726
   58.44,  -71.48,   0.0,   0.0866,   0.0941,    0.713
   58.54,  -71.58,   0.0,   0.0422,    0.107,    0.701
   58.64,  -71.56,   0.0,   0.0291,    0.119,    0.688
   58.74,  -71.53,   0.0,   0.0253,    0.132,    0.676
   58.84,  -71.49,   0.0,   0.0243,    0.144,    0.664
   58.94,  -71.45,   0.0,   0.0241,    0.156,    0.653
   59.04,  -71.40,   0.0,   0.0241,    0.167,    0.642
   59.14,  -71.36,   0.0,   0.0242,    0.179,    0.631
   59.24,  -71.31,   0.0,   0.0244,     0.19,     0.62
   59.34,  -71.26,   0.0,   0.0245,    0.201,     0.61
   59.44,  -71.20,   0.0,   0.0247,    0.211,      0.6
   59.54,  -71.15,   0.0,   0.0248,    0.222,     0.59
   59.64,  -71.09,   0.0,    0.025,    0.232,    0.581
   59.74,  -71.03,   0.0,   0.0252,    0.242,    0.572
   59.84,  -70.97,   0.0,   0.0253,    0.252,    0.563
   59.94,  -70.91,   0.0,   0.0255,    0.261,    0.554
   60.04,  -70.84,   0.0,   0.0257,    0.271,    0.546
   60.14,  -70.77,   0.0,   0.0259,     0.28,    0.537
   60.24,  -70.70,   0.0,   0.0262,    0.289,     0.53
   60.34,  -70.63,   0.0,   0.0264,    0.297,    0.522
   60.44,  -70.55,   0.0,   0.0266,    0.306,    0.514
   60.54,  -70.47,   0.0,   0.0269,    0.314,    0.507
   60.64,  -70.39,   0.0,   0.0271,    0.322,      0.5
   60.74,  -70.31,   0.0,   0.0274,     0.33,    0.493
   60.84,  -70.23,   0.0,   0.0277,    0.338,    0.487
   60.94,  -70.14,   0.0,    0.028,    0.345,     0.48
   61.04,  -70.05,   0.0,   0.0283,    0.353,    0.474
   61.14,  -69.96,   0.0,   0.0286,     0.36,    0.468
   61.24,  -69.87,   0.0,   0.0289,    0.367,    0.462
   61.34,  -69.78,   0.0,   0.0292,    0.374,    0.456
   61.44,  -69.68,   0.0,   0.0295,     0.38,    0.451
   61.54,  -69.59,   0.0,   0.0299,    0.387,    0.446
   61.64,  -69.49,   0.0,   0.0302,    0.393,     0.44
   61.74,  -69.39,   0.0,   0.0306,    0.399,    0.435
   61.84,  -69.29,   0.0,    0.031,    0.405,    0.431
   61.94,  -69.18,   0.0,   0.0314,    0.411,    0.426
   62.04,  -69.08,   0.0,   0.0317,    0.417,    0.421
   62.14,  -68.98,   0.0,   0.0322,    0.422,    0.417
   62.24,  -68.87,   0.0,   0.0326,    0.428,    0.413
   62.34,  -68.76,   0.0,    0.033,    0.433,    0.409
   62.44,  -68.65,   0.0,   0.0334,    0.438,    0.405
   62.54,  -68.54,   0.0,   0.0339,    0.443,    0.401
   62.64,  -68.43,   0.0,   0.0343,    0.447,    0.398
   62.74,  -68.32,   0.0,   0.0348,    0.452,    0.394
   62.84,  -68.21,   0.0,   0.0352,    0.456,    0.391
   62.94,  -68.10,   0.0,   0.0357,    0.461,    0.388
   63.04,  -67.98,   0.0,   0.0362,    0.465,    0.385
   63.14,  -67.87,   0.0,   0.0367,    0.469,    0.382
   63.24,  -67.76,   0.0,   0.0372,    0.473,    0.379
   63.34,  -67.64,   0.0,   0.0377,    0.477,    0.376
   63.44,  -67.53,   0.0,   0.0382,     0.48,    0.373
   63.54,  -67.41,   0.0,   0.0388,    0.484,    0.371
   63.64,  -67.30,   0.0,   0.0393,    0.487,    0.369
   63.74,  -67.19,   0.0,   0.0399,     0.49,    0.366
   63.84,  -67.07,   0.0,   0.0404,    0.493,    0.364
   63.94,  -66.96,   0.0,    0.041,    0.496,    0.362
   64.04,  -66.84,   0.0,   0.0415,    0.499,     0.36
   64.14,  -66.73,   0.0,   0.0421,    0.502,    0.358
   64.24,  -66.61,   0.0,   0.0427,    0.505,    0.356
   64.34,  -66.50,   0.0,   0.0433,    0.507,    0.355
   64.44,  -66.38,   0.0,   0.0439,     0.51,    0.353
   64.54,  -66.27,   0.0,   0.0445,    0.512,    0.351
   64.64,  -66.16,   0.0,   0.0451,    0.514,     0.35
   64.74,  -66.04,   0.0,   0.0457,    0.516,    0.349
   64.84,  -65.93,   0.0,   0.0463,    0.518,    0.347
   64.94,  -65.82,   0.0,   0.0469,     0.52,    0.346
   65.04,  -65.71,   0.0,   0.0475,    0.522,    0.345
   65.14,  -65.60,   0.0,   0.0482,    0.524,    0.344
   65.24,  -65.49,   0.0,   0.0488,    0.526,    0.343
   65.34,  -65.38,   0.0,   0.0495,    0.527,    0.342
   65.44,  -65.27,   0.0,   0.0501,    0.528,    0.341
   65.54,  -65.16,   0.0,   0.0507,     0.53,    0.341
   65.64,  -65.05,   0.0,   0.0514,    0.531,     0.34
   65.74,  -64.95,   0.0,   0.0521,    0.532,    0.339
   65.84,  -64.84,   0.0,   0.0527,    0.533,    0.339
   65.94,  -64.73,   0.0,   0.0534,    0.534,    0.338
   66.04,  -64.63,   0.0,    0.054,    0.535,    0.338
   66.14,  -64.53,   0.0,   0.0547,    0.536,    0.337
   66.24,  -64.42,   0.0,   0.0554,    0.537,    0.337
   66.34,  -64.32,   0.0,   0.0561,    0.538,    0.337
   66.44,  -64.22,   0.0,   0.0567,    0.538,    0.337
   66.54,  -64.12,   0.0,   0.0574,    0.539,    0.336
   66.64,  -64.02,   0.0,   0.0581,    0.539,    0.336
   66.74,  -63.92,   0.0,   0.0588,     0.54,    0.336
   66.84,  -63.82,   0.0,   0.0595,     0.54,    0.336
   66.94,  -63.72,   0.0,   0.0601,     0.54,    0.336
   67.04,  -63.63,   0.0,   0.0608,     0.54,    0.336
   67.14,  -63.53,   0.0,   0.0615,     0.54,    0.336
   67.24,  -63.44,   0.0,   0.0622,    0.541,    0.336
   67.34,  -63.34,   0.0,   0.0629,    0.541,    0.336
   67.44,  -63.25,   0.0,   0.0636,     0.54,    0.337
   67.54,  -63.16,   0.0,   0.0642,     0.54,    0.337
   67.64,  -63.07,   0.0,   0.0649,     0.54,    0.337
   67.74,  -62.98,   0.0,   0.0656,     0.54,    0.337
   67.84,  -62.90,   0.0,   0.0663,     0.54,    0.338
   67.94,  -62.81,   0.0,   0.0669,    0.539,    0.338
   68.04,  -62.72,   0.0,   0.0676,    0.539,    0.338
   68.14,  -62.64,   0.0,   0.0683,    0.539,    0.339
   68.24,  -62.56,   0.0,   0.0689,    0.538,    0.339
   68.34,  -62.48,   0.0,   0.0696,    0.538,     0.34
   68.44,  -62.40,   0.0,   0.0703,    0.537,     0.34
   68.54,  -62.32,   0.0,   0.0709,    0.536,    0.341
   68.64,  -62.24,   0.0,   0.0715,    0.536,    0.341
   68.74,  -62.17,   0.0,   0.0722,    0.535,    0.342
   68.84,  -62.10,   0.0,   0.0728,    0.534,    0.342
   68.94,  -62.03,   0.0,   0.0734,    0.533,    0.343
   69.04,  -61.96,   0.0,    0.074,    0.533,    0.344
   69.14,  -61.89,   0.0,   0.0746,    0.532,    0.344
   69.24,  -61.82,   0.0,   0.0752,    0.531,    0.345
   69.34,  -61.76,   0.0,   0.0758,     0.53,    0.345
   69.44,  -61.70,   0.0,   0.0763,    0.529,    0.346
   69.54,  -61.64,   0.0,   0.0769,    0.528,    0.347
   69.64,  -61.58,   0.0,   0.0774,    0.527,    0.347
   69.74,  -61.53,   0.0,   0.0779,    0.526,    0.348
   69.84,  -61.48,   0.0,   0.0784,    0.525,    0.349
   69.94,  -61.43,   0.0,   0.0789,    0.524,    0.349
   70.04,  -61.38,   0.0,   0.0794,    0.523,     0.35
   70.14,  -61.34,   0.0,   0.0798,    0.522,    0.351
   70.24,  -61.30,   0.0,   0.0802,    0.521,    0.351
   70.34,  -61.26,   0.0,   0.0806,     0.52,    0.352
   70.44,  -61.23,   0.0,    0.081,    0.519,    0.353
   70.54,  -61.20,   0.0,   0.0813,    0.518,    0.354
   70.64,  -61.17,   0.0,   0.0816,    0.517,    0.354
   70.74,  -61.15,   0.0,   0.0819,    0.516,    0.355
   70.84,  -61.13,   0.0,   0.0822,    0.515,    0.356
   70.94,  -61.11,   0.0,   0.0824,    0.514,    0.356
   71.04,  -61.10,   0.0,   0.0826,    0.512,    0.357
   71.14,  -61.09,   0.0,   0.0827,    0.511,    0.357
   71.24,  -61.09,   0.0,   0.0828,     0.51,    0.358
   71.34,  -61.09,   0.0,   0.0829,    0.509,    0.359
   71.44,  -61.10,   0.0,   0.0829,    0.508,    0.359
   71.54,  -61.11,   0.0,   0.0829,    0.507,     0.36
   71.64,  -61.13,   0.0,   0.0829,    0.506,     0.36
   71.74,  -61.15,   0.0,   0.0828,    0.506,    0.361
   71.84,  -61.17,   0.0,   0.0826,    0.505,    0.361
   71.94,  -61.20,   0.0,   0.0824,    0.504,    0.362
   72.04,  -61.23,   0.0,   0.0822,    0.503,    0.362
   72.14,  -61.27,   0.0,    0.082,    0.502,    0.363
   72.24,  -61.31,   0.0,   0.0817,    0.501,    0.363
   72.34,  -61.36,   0.0,   0.0813,    0.501,    0.363
   72.44,  -61.41,   0.0,    0.081,      0.5,    0.364
   72.54,  -61.46,   0.0,   0.0805,      0.5,    0.364
   72.64,  -61.52,   0.0,   0.0801,    0.499,    0.364
   72.74,  -61.58,   0.0,   0.0796,    0.498,    0.364
   72.84,  -61.64,   0.0,   0.0791,    0.498,    0.365
   72.94,  -61.71,   0.0,   0.0786,    0.498,    0.365
   73.04,  -61.78,   0.0,    0.078,    0.497,    0.365
