#time (msec), membrane voltage (mV), stimulus level (nA), m, h, n
    0.10,  -63.21,   0.0,   0.0649,    0.519,    0.349
    0.20,  -63.19,   0.0,    0.065,     0.52,    0.349
    0.30,  -63.16,   0.0,   0.0652,     0.52,    0.349
    0.40,  -63.14,   0.0,   0.0654,     0.52,    0.349
    0.50,  -63.11,   0.0,   0.0656,     0.52,    0.349
    0.60,  -63.08,   0.0,   0.0658,     0.52,    0.349
    0.70,  -63.06,   0.0,    0.066,     0.52,    0.349
    0.80,  -63.03,   0.0,   0.0662,    0.521,    0.349
    0.90,  -63.00,   0.0,   0.0664,    0.521,    0.349
    1.00,  -62.98,   0.0,   0.0666,    0.521,    0.349
    1.10,  -62.95,   0.0,   0.0668,    0.521,    0.349
    1.20,  -62.93,   0.0,    0.067,    0.521,    0.349
    1.30,  -62.90,   0.0,   0.0672,    0.521,    0.349
    1.40,  -62.87,   0.0,   0.0674,    0.521,    0.349
    1.50,  -62.85,   0.0,   0.0676,    0.521,    0.349
    1.60,  -62.82,   0.0,   0.0678,    0.521,    0.349
    1.70,  -62.80,   0.0,    0.068,    0.521,    0.349
    1.80,  -62.78,   0.0,   0.0682,    0.521,    0.349
    1.90,  -62.75,   0.0,   0.0684,    0.521,    0.349
    2.00,  -62.73,   0.0,   0.0686,    0.521,    0.349
    2.10,  -62.70,   0.0,   0.0687,     0.52,    0.349
    2.20,  -62.68,   0.0,   0.0689,     0.52,    0.349
    2.30,  -62.66,   0.0,   0.0691,     0.52,     0.35
    2.40,  -62.64,   0.0,   0.0693,     0.52,     0.35
    2.50,  -62.62,   0.0,   0.0695,     0.52,     0.35
    2.60,  -62.60,   0.0,   0.0696,     0.52,     0.35
    2.70,  -62.58,   0.0,   0.0698,     0.52,     0.35
    2.80,  -62.56,   0.0,     0.07,    0.519,     0.35
    2.90,  -62.54,   0.0,   0.0701,    0.519,     0.35
    3.00,  -62.53,   0.0,   0.0702,    0.519,    0.351
    3.10,  -62.51,   0.0,   0.0704,    0.519,    0.351
    3.20,  -62.50,   0.0,   0.0705,    0.519,    0.351
    3.30,  -62.48,   0.0,   0.0707,    0.518,    0.351
    3.40,  -62.47,   0.0,   0.0708,    0.518,    0.351
    3.50,  -62.46,   0.0,   0.0709,    0.518,    0.351
    3.60,  -62.44,   0.0,    0.071,    0.518,    0.352
    3.70,  -62.43,   0.0,   0.0711,    0.518,    0.352
    3.80,  -62.42,   0.0,   0.0712,    0.517,    0.352
    3.90,  -62.42,   0.0,   0.0713,    0.517,    0.352
    4.00,  -62.41,   0.0,   0.0714,    0.517,    0.352
    4.10,  -62.40,   0.0,   0.0714,    0.517,    0.352
    4.20,  -62.39,   0.0,   0.0715,    0.516,    0.353
    4.30,  -62.39,   0.0,   0.0716,    0.516,    0.353
    4.40,  -62.39,   0.0,   0.0716,    0.516,    0.353
    4.50,  -62.38,   0.0,   0.0716,    0.516,    0.353
    4.60,  -62.38,   0.0,   0.0717,    0.515,    0.353
    4.70,  -62.38,   0.0,   0.0717,    0.515,    0.353
    4.80,  -62.38,   0.0,   0.0717,    0.515,    0.353
    4.90,  -62.38,   0.0,   0.0717,    0.515,    0.354
    5.00,  -62.38,   0.0,   0.0717,    0.514,    0.354
    5.10,  -62.38,   0.0,   0.0717,    0.514,    0.354
    5.20,  -62.19,   2.0,   0.0717,    0.514,    0.354
    5.30,  -62.00,   2.0,   0.0725,    0.514,    0.354
    5.40,  -61.81,   2.0,   0.0737,    0.513,    0.354
    5.50,  -61.63,   2.0,    0.075,    0.513,    0.355
    5.60,  -61.45,   2.0,   0.0765,    0.512,    0.355
    5.70,  -61.26,   2.0,    0.078,    0.511,    0.356
    5.80,  -61.08,   2.0,   0.0796,     0.51,    0.356
    5.90,  -60.89,   2.0,   0.0812,    0.509,    0.357
    6.00,  -60.71,   2.0,   0.0829,    0.508,    0.358
    6.10,  -60.52,   2.0,   0.0846,    0.507,    0.359
    6.20,  -60.32,   2.0,   0.0863,    0.506,    0.359
    6.30,  -60.13,   2.0,   0.0882,    0.504,     0.36
    6.40,  -59.93,   2.0,     0.09,    0.502,    0.361
    6.50,  -59.72,   2.0,    0.092,    0.501,    0.362
    6.60,  -59.51,   2.0,    0.094,    0.499,    0.363
    6.70,  -59.29,   2.0,   0.0961,    0.497,    0.365
    6.80,  -59.06,   2.0,   0.0983,    0.495,    0.366
    6.90,  -58.82,   2.0,    0.101,    0.493,    0.367
    7.00,  -58.57,   2.0,    0.103,     0.49,    0.369
    7.10,  -58.31,   2.0,    0.106,    0.488,     0.37
    7.20,  -58.03,   2.0,    0.109,    0.485,    0.372
    7.30,  -57.73,   2.0,    0.112,    0.483,    0.373
    7.40,  -57.40,   2.0,    0.115,     0.48,    0.375
    7.50,  -57.04,   2.0,    0.118,    0.476,    0.377
    7.60,  -56.64,   2.0,    0.122,    0.473,    0.379
    7.70,  -56.19,   2.0,    0.127,    0.469,    0.381
    7.80,  -55.67,   2.0,    0.132,    0.465,    0.384
    7.90,  -55.05,   2.0,    0.138,    0.461,    0.386
    8.00,  -54.31,   2.0,    0.145,    0.456,    0.389
    8.10,  -53.39,   2.0,    0.154,    0.451,    0.392
    8.20,  -52.20,   2.0,    0.165,    0.445,    0.395
    8.30,  -50.59,   2.0,    0.179,    0.438,    0.399
    8.40,  -48.25,   2.0,    0.198,     0.43,    0.404
    8.50,  -44.59,   2.0,    0.227,    0.419,     0.41
    8.60,  -38.11,   2.0,    0.271,    0.404,    0.419
    8.70,  -24.65,   2.0,    0.349,     0.38,    0.431
    8.73,  -21.17,   2.0,     0.39,     0.37,    0.436
    8.75,  -16.48,   2.0,    0.435,    0.359,    0.443
    8.78,  -10.45,   2.0,    0.484,    0.348,     0.45
    8.79,   -7.36,   2.0,    0.512,    0.342,    0.454
    8.80,   -3.94,   2.0,    0.541,    0.336,    0.458
    8.81,   -0.23,   2.0,    0.571,     0.33,    0.463
    8.83,    3.71,   2.0,    0.602,    0.324,    0.468
    8.84,    7.80,   2.0,    0.634,    0.318,    0.473
    8.85,   11.94,   2.0,    0.665,    0.312,    0.479
    8.86,   16.01,   2.0,    0.697,    0.306,    0.485
    8.88,   19.87,   2.0,    0.727,    0.301,    0.492
    8.89,   23.41,   2.0,    0.757,    0.295,    0.498
    8.90,   26.53,   2.0,    0.785,     0.29,    0.505
    8.93,   32.32,   2.0,    0.835,    0.279,     0.52
    8.95,   35.17,   2.0,    0.876,    0.269,    0.535
    8.98,   36.01,   2.0,    0.909,    0.259,    0.549
    9.00,   35.71,   2.0,    0.933,    0.249,    0.564
    9.03,   34.79,   2.0,     0.95,     0.24,    0.578
    9.05,   33.53,   2.0,    0.963,    0.231,    0.591
    9.08,   32.05,   2.0,    0.972,    0.222,    0.604
    9.10,   30.43,   2.0,    0.978,    0.214,    0.616
    9.13,   28.69,   2.0,    0.983,    0.206,    0.627
    9.15,   26.86,   2.0,    0.986,    0.198,    0.638
    9.18,   24.96,   2.0,    0.989,    0.191,    0.648
    9.20,   23.01,   2.0,     0.99,    0.184,    0.658
    9.23,   21.03,   2.0,    0.991,    0.177,    0.667
    9.25,   19.02,   2.0,    0.992,    0.171,    0.675
    9.28,   16.99,   2.0,    0.992,    0.164,    0.683
    9.30,   14.96,   2.0,    0.993,    0.158,     0.69
    9.33,   12.93,   2.0,    0.992,    0.153,    0.697
    9.35,   10.90,   2.0,    0.992,    0.147,    0.704
    9.38,    8.88,   2.0,    0.991,    0.142,     0.71
    9.40,    6.88,   2.0,     0.99,    0.136,    0.715
    9.43,    4.90,   2.0,    0.989,    0.132,     0.72
    9.45,    2.94,   2.0,    0.988,    0.127,    0.725
    9.48,    1.00,   2.0,    0.987,    0.122,     0.73
    9.50,   -0.91,   2.0,    0.985,    0.118,    0.734
    9.53,   -2.80,   2.0,    0.983,    0.114,    0.738
    9.55,   -4.66,   2.0,    0.981,     0.11,    0.741
    9.58,   -6.49,   2.0,    0.979,    0.106,    0.745
    9.60,   -8.30,   2.0,    0.976,    0.102,    0.748
    9.63,  -10.07,   2.0,    0.973,    0.099,     0.75
    9.65,  -11.83,   2.0,    0.969,   0.0957,    0.753
    9.68,  -13.55,   2.0,    0.965,   0.0927,    0.755
    9.70,  -15.25,   2.0,    0.961,   0.0898,    0.757
    9.73,  -16.93,   2.0,    0.956,    0.087,    0.759
    9.75,  -18.58,   2.0,     0.95,   0.0845,     0.76
    9.78,  -20.21,   2.0,    0.944,   0.0821,    0.762
    9.80,  -21.82,   2.0,    0.937,   0.0798,    0.763
    9.83,  -23.41,   2.0,     0.93,   0.0777,    0.764
    9.85,  -24.98,   2.0,    0.921,   0.0758,    0.765
    9.90,  -29.51,   2.0,    0.904,   0.0724,    0.766
    9.95,  -32.77,   2.0,    0.878,   0.0698,    0.766
   10.00,  -35.99,   2.0,    0.848,   0.0679,    0.766
   10.05,  -39.28,   2.0,    0.813,   0.0666,    0.765
   10.10,  -42.70,   2.0,     0.77,    0.066,    0.763
   10.15,  -46.30,   2.0,     0.72,    0.066,    0.761
   10.20,  -50.11,   2.0,    0.661,   0.0668,    0.758
   10.25,  -54.10,   2.0,    0.592,   0.0682,    0.754
   10.30,  -58.13,   2.0,    0.512,   0.0703,     0.75
   10.35,  -61.94,   2.0,    0.425,   0.0733,    0.745
   10.40,  -65.17,   2.0,    0.335,   0.0771,     0.74
   10.50,  -70.91,   2.0,     0.18,   0.0863,    0.728
   10.60,  -71.35,   2.0,   0.0731,   0.0988,    0.715
   10.70,  -71.37,   2.0,   0.0388,    0.111,    0.702
   10.80,  -71.33,   2.0,   0.0286,    0.124,     0.69
   10.90,  -71.28,   2.0,   0.0257,    0.136,    0.678
   11.00,  -71.23,   2.0,    0.025,    0.148,    0.666
   11.10,  -71.17,   2.0,   0.0249,    0.159,    0.655
   11.20,  -71.11,   2.0,    0.025,    0.171,    0.644
   11.30,  -71.04,   2.0,   0.0251,    0.182,    0.633
   11.40,  -70.97,   2.0,   0.0253,    0.193,    0.622
   11.50,  -70.90,   2.0,   0.0255,    0.203,    0.612
   11.60,  -70.83,   2.0,   0.0257,    0.214,    0.602
   11.70,  -70.75,   2.0,    0.026,    0.224,    0.592
   11.80,  -70.67,   2.0,   0.0262,    0.234,    0.583
   11.90,  -70.59,   2.0,   0.0265,    0.243,    0.574
   12.00,  -70.51,   2.0,   0.0267,    0.253,    0.565
   12.10,  -70.42,   2.0,    0.027,    0.262,    0.557
   12.20,  -70.33,   2.0,   0.0273,    0.271,    0.548
   12.30,  -70.23,   2.0,   0.0276,     0.28,     0.54
   12.40,  -70.13,   2.0,   0.0279,    0.288,    0.532
   12.50,  -70.03,   2.0,   0.0283,    0.297,    0.525
   12.60,  -69.93,   2.0,   0.0286,    0.305,    0.517
   12.70,  -69.82,   2.0,    0.029,    0.313,     0.51
   12.80,  -69.71,   2.0,   0.0294,    0.321,    0.503
   12.90,  -69.60,   2.0,   0.0297,    0.328,    0.497
   13.00,  -69.49,   2.0,   0.0302,    0.336,     0.49
   13.10,  -69.37,   2.0,   0.0306,    0.343,    0.484
   13.20,  -69.25,   2.0,    0.031,     0.35,    0.478
   13.30,  -69.13,   2.0,   0.0315,    0.356,    0.472
   13.40,  -69.00,   2.0,   0.0319,    0.363,    0.466
   13.50,  -68.88,   2.0,   0.0324,    0.369,    0.461
   13.60,  -68.75,   2.0,   0.0329,    0.376,    0.455
   13.70,  -68.62,   2.0,   0.0334,    0.382,     0.45
   13.80,  -68.49,   2.0,    0.034,    0.387,    0.445
   13.90,  -68.35,   2.0,   0.0345,    0.393,    0.441
   14.00,  -68.22,   2.0,   0.0351,    0.399,    0.436
   14.10,  -68.08,   2.0,   0.0356,    0.404,    0.432
   14.20,  -67.94,   2.0,   0.0362,    0.409,    0.427
   14.30,  -67.80,   2.0,   0.0368,    0.414,    0.423
   14.40,  -67.66,   2.0,   0.0375,    0.419,    0.419
   14.50,  -67.51,   2.0,   0.0381,    0.423,    0.416
   14.60,  -67.37,   2.0,   0.0388,    0.428,    0.412
   14.70,  -67.22,   2.0,   0.0394,    0.432,    0.408
   14.80,  -67.08,   2.0,   0.0401,    0.436,    0.405
   14.90,  -66.93,   2.0,   0.0408,     0.44,    0.402
   15.00,  -66.78,   2.0,   0.0415,    0.444,    0.399
   15.10,  -66.64,   2.0,   0.0423,    0.448,    0.396
   15.20,  -66.49,   2.0,    0.043,    0.452,    0.393
   15.30,  -66.34,   2.0,   0.0438,    0.455,    0.391
   15.40,  -66.19,   2.0,   0.0446,    0.458,    0.388
   15.50,  -66.04,   2.0,   0.0454,    0.461,    0.386
   15.60,  -65.89,   2.0,   0.0462,    0.464,    0.383
   15.70,  -65.74,   2.0,    0.047,    0.467,    0.381
   15.80,  -65.59,   2.0,   0.0478,     0.47,    0.379
   15.90,  -65.44,   2.0,   0.0487,    0.472,    0.377
   16.00,  -65.29,   2.0,   0.0495,    0.475,    0.375
   16.10,  -65.14,   2.0,   0.0504,    0.477,    0.374
   16.20,  -65.00,   2.0,   0.0513,    0.479,    0.372
   16.30,  -64.85,   2.0,   0.0522,    0.481,    0.371
   16.40,  -64.70,   2.0,   0.0531,    0.483,    0.369
   16.50,  -64.55,   2.0,    0.054,    0.485,    0.368
   16.60,  -64.40,   2.0,    0.055,    0.487,    0.367
   16.70,  -64.25,   2.0,   0.0559,    0.488,    0.366
   16.80,  -64.11,   2.0,   0.0569,     0.49,    0.365
   16.90,  -63.96,   2.0,   0.0579,    0.491,    0.364
   17.00,  -63.81,   2.0,   0.0589,    0.492,    0.363
   17.10,  -63.66,   2.0,   0.0599,    0.493,    0.362
   17.20,  -63.52,   2.0,   0.0609,    0.494,    0.362
   17.30,  -63.37,   2.0,    0.062,    0.495,    0.361
   17.40,  -63.23,   2.0,    0.063,    0.496,    0.361
   17.50,  -63.08,   2.0,   0.0641,    0.497,     0.36
   17.60,  -62.94,   2.0,   0.0651,    0.497,     0.36
   17.70,  -62.79,   2.0,   0.0662,    0.498,    0.359
   17.80,  -62.65,   2.0,   0.0673,    0.498,    0.359
   17.90,  -62.50,   2.0,   0.0684,    0.498,    0.359
   18.00,  -62.36,   2.0,   0.0696,    0.498,    0.359
   18.10,  -62.21,   2.0,   0.0707,    0.499,    0.359
   18.20,  -62.07,   2.0,   0.0719,    0.499,    0.359
   18.30,  -61.93,   2.0,   0.0731,    0.498,    0.359
   18.40,  -61.78,   2.0,   0.0742,    0.498,    0.359
   18.50,  -61.64,   2.0,   0.0755,    0.498,     0.36
   18.60,  -61.49,   2.0,   0.0767,    0.497,     0.36
   18.70,  -61.35,   2.0,   0.0779,    0.497,     0.36
   18.80,  -61.20,   2.0,   0.0792,    0.496,    0.361
   18.90,  -61.06,   2.0,   0.0805,    0.496,    0.361
   19.00,  -60.91,   2.0,   0.0818,    0.495,    0.362
   19.10,  -60.76,   2.0,   0.0831,    0.494,    0.362
   19.20,  -60.61,   2.0,   0.0845,    0.493,    0.363
   19.30,  -60.46,   2.0,   0.0859,    0.492,    0.364
   19.40,  -60.31,   2.0,   0.0873,    0.491,    0.364
   19.50,  -60.16,   2.0,   0.0887,     0.49,    0.365
   19.60,  -60.01,   2.0,   0.0902,    0.489,    0.366
   19.70,  -59.85,   2.0,   0.0917,    0.487,    0.367
   19.80,  -59.69,   2.0,   0.0932,    0.486,    0.368
   19.90,  -59.53,   2.0,   0.0948,    0.484,    0.369
   20.00,  -59.36,   2.0,   0.0965,    0.483,     0.37
   20.10,  -59.20,   2.0,   0.0982,    0.481,    0.371
   20.20,  -59.02,   2.0,   0.0999,    0.479,    0.372
   20.30,  -58.85,   2.0,    0.102,    0.477,    0.373
   20.40,  -58.66,   2.0,    0.104,    0.475,    0.374
   20.50,  -58.47,   2.0,    0.106,    0.473,    0.376
   20.60,  -58.27,   2.0,    0.108,    0.471,    0.377
   20.70,  -58.06,   2.0,     0.11,    0.469,    0.378
   20.80,  -57.85,   2.0,    0.112,    0.466,     0.38
   20.90,  -57.61,   2.0,    0.115,    0.464,    0.381
   21.00,  -57.36,   2.0,    0.117,    0.461,    0.383
   21.10,  -57.09,   2.0,     0.12,    0.458,    0.385
   21.20,  -56.80,   2.0,    0.123,    0.455,    0.386
   21.30,  -56.48,   2.0,    0.127,    0.452,    0.388
   21.40,  -56.11,   2.0,     0.13,    0.449,     0.39
   21.50,  -55.70,   2.0,    0.135,    0.445,    0.392
   21.60,  -55.23,   2.0,    0.139,    0.441,    0.394
   21.70,  -54.67,   2.0,    0.145,    0.437,    0.397
   21.80,  -53.99,   2.0,    0.152,    0.433,      0.4
   21.90,  -53.15,   2.0,     0.16,    0.428,    0.402
   22.00,  -52.06,   2.0,     0.17,    0.422,    0.406
   22.10,  -50.59,   2.0,    0.183,    0.416,     0.41
   22.20,  -48.50,   2.0,    0.201,    0.408,    0.414
   22.30,  -45.28,   2.0,    0.227,    0.398,     0.42
   22.40,  -39.77,   2.0,    0.266,    0.385,    0.427
   22.50,  -28.93,   2.0,    0.334,    0.365,    0.438
   22.55,  -21.19,   2.0,      0.4,    0.348,    0.447
   22.57,  -16.66,   2.0,    0.444,    0.338,    0.453
   22.60,  -10.91,   2.0,    0.492,    0.327,     0.46
   22.62,   -3.93,   2.0,    0.546,    0.316,    0.468
   22.64,   -0.55,   2.0,    0.575,     0.31,    0.472
   22.65,    3.07,   2.0,    0.606,    0.305,    0.477
   22.66,    6.83,   2.0,    0.636,    0.299,    0.483
   22.67,   10.66,   2.0,    0.667,    0.294,    0.488
   22.69,   14.45,   2.0,    0.697,    0.288,    0.494
   22.70,   18.08,   2.0,    0.727,    0.283,      0.5
   22.71,   21.43,   2.0,    0.756,    0.278,    0.506
   22.72,   24.44,   2.0,    0.783,    0.273,    0.513
   22.75,   30.10,   2.0,    0.832,    0.263,    0.527
   22.77,   33.11,   2.0,    0.873,    0.253,    0.541
   22.80,   34.18,   2.0,    0.905,    0.243,    0.555
   22.82,   34.04,   2.0,    0.929,    0.234,    0.569
   22.85,   33.20,   2.0,    0.947,    0.226,    0.583
   22.87,   31.98,   2.0,     0.96,    0.217,    0.596
   22.90,   30.50,   2.0,     0.97,    0.209,    0.608
   22.92,   28.86,   2.0,    0.977,    0.202,     0.62
   22.95,   27.10,   2.0,    0.982,    0.194,    0.631
   22.97,   25.25,   2.0,    0.985,    0.187,    0.641
   23.00,   23.33,   2.0,    0.988,     0.18,    0.651
   23.02,   21.36,   2.0,    0.989,    0.173,     0.66
   23.05,   19.35,   2.0,    0.991,    0.167,    0.669
   23.07,   17.32,   2.0,    0.991,    0.161,    0.677
   23.10,   15.28,   2.0,    0.992,    0.155,    0.684
   23.12,   13.23,   2.0,    0.992,    0.149,    0.691
   23.15,   11.19,   2.0,    0.991,    0.144,    0.698
   23.17,    9.15,   2.0,    0.991,    0.138,    0.704
   23.20,    7.13,   2.0,     0.99,    0.133,     0.71
   23.22,    5.13,   2.0,    0.989,    0.129,    0.715
   23.25,    3.14,   2.0,    0.988,    0.124,     0.72
   23.27,    1.18,   2.0,    0.987,     0.12,    0.725
   23.30,   -0.75,   2.0,    0.985,    0.115,    0.729
   23.32,   -2.66,   2.0,    0.983,    0.111,    0.733
   23.35,   -4.54,   2.0,    0.981,    0.107,    0.737
   23.37,   -6.39,   2.0,    0.979,    0.104,     0.74
   23.40,   -8.21,   2.0,    0.976,      0.1,    0.743
   23.42,  -10.01,   2.0,    0.973,   0.0968,    0.746
   23.45,  -11.78,   2.0,    0.969,   0.0936,    0.749
   23.47,  -13.52,   2.0,    0.965,   0.0906,    0.751
   23.50,  -15.23,   2.0,    0.961,   0.0878,    0.753
   23.52,  -16.92,   2.0,    0.956,   0.0851,    0.755
   23.55,  -18.58,   2.0,     0.95,   0.0826,    0.757
   23.57,  -20.22,   2.0,    0.944,   0.0802,    0.758
   23.60,  -21.84,   2.0,    0.937,   0.0781,    0.759
   23.62,  -23.44,   2.0,     0.93,   0.0761,     0.76
   23.65,  -25.02,   2.0,    0.921,   0.0742,    0.761
   23.70,  -29.54,   2.0,    0.904,   0.0708,    0.763
   23.75,  -32.82,   2.0,    0.878,   0.0683,    0.763
   23.80,  -36.04,   2.0,    0.848,   0.0665,    0.762
   23.85,  -39.33,   2.0,    0.812,   0.0653,    0.761
   23.90,  -42.75,   2.0,     0.77,   0.0647,     0.76
   23.95,  -46.34,   2.0,    0.719,   0.0648,    0.758
   24.00,  -50.13,   2.0,     0.66,   0.0655,    0.755
   24.05,  -54.09,   2.0,    0.591,    0.067,    0.751
   24.10,  -58.09,   2.0,    0.512,   0.0692,    0.747
   24.15,  -61.86,   2.0,    0.425,   0.0722,    0.742
   24.20,  -65.09,   2.0,    0.336,    0.076,    0.737
   24.30,  -70.81,   2.0,    0.181,   0.0851,    0.725
   24.40,  -71.33,   2.0,   0.0741,   0.0976,    0.713
   24.50,  -71.36,   2.0,   0.0392,     0.11,      0.7
   24.60,  -71.32,   2.0,   0.0288,    0.123,    0.688
   24.70,  -71.27,   2.0,   0.0258,    0.135,    0.675
   24.80,  -71.22,   2.0,    0.025,    0.146,    0.664
   24.90,  -71.16,   2.0,   0.0249,    0.158,    0.652
   25.00,  -71.09,   2.0,    0.025,    0.169,    0.641
   25.10,  -71.03,   2.0,   0.0252,    0.181,    0.631
   25.20,  -70.96,   2.0,   0.0254,    0.191,     0.62
   25.30,  -70.89,   2.0,   0.0256,    0.202,     0.61
   25.40,  -70.82,   2.0,   0.0258,    0.212,      0.6
   25.50,  -70.74,   2.0,    0.026,    0.223,    0.591
   25.60,  -70.66,   2.0,   0.0263,    0.233,    0.581
   25.70,  -70.58,   2.0,   0.0265,    0.242,    0.572
   25.80,  -70.49,   2.0,   0.0268,    0.252,    0.563
   25.90,  -70.40,   2.0,   0.0271,    0.261,    0.555
   26.00,  -70.31,   2.0,   0.0274,     0.27,    0.547
   26.10,  -70.21,   2.0,   0.0277,    0.279,    0.539
   26.20,  -70.11,   2.0,    0.028,    0.287,    0.531
   26.30,  -70.01,   2.0,   0.0283,    0.296,    0.523
   26.40,  -69.91,   2.0,   0.0287,    0.304,    0.516
   26.50,  -69.80,   2.0,   0.0291,    0.312,    0.509
   26.60,  -69.69,   2.0,   0.0294,     0.32,    0.502
   26.70,  -69.58,   2.0,   0.0298,    0.327,    0.495
   26.80,  -69.46,   2.0,   0.0302,    0.335,    0.489
   26.90,  -69.35,   2.0,   0.0307,    0.342,    0.483
   27.00,  -69.23,   2.0,   0.0311,    0.349,    0.477
   27.10,  -69.10,   2.0,   0.0316,    0.355,    0.471
   27.20,  -68.98,   2.0,    0.032,    0.362,    0.465
   27.30,  -68.85,   2.0,   0.0325,    0.368,     0.46
   27.40,  -68.72,   2.0,    0.033,    0.375,    0.454
   27.50,  -68.59,   2.0,   0.0335,    0.381,    0.449
   27.60,  -68.46,   2.0,   0.0341,    0.386,    0.444
   27.70,  -68.33,   2.0,   0.0346,    0.392,     0.44
   27.80,  -68.19,   2.0,   0.0352,    0.398,    0.435
   27.90,  -68.05,   2.0,   0.0358,    0.403,    0.431
   28.00,  -67.91,   2.0,   0.0363,    0.408,    0.426
   28.10,  -67.77,   2.0,    0.037,    0.413,    0.422
   28.20,  -67.63,   2.0,   0.0376,    0.418,    0.419
   28.30,  -67.49,   2.0,   0.0382,    0.423,    0.415
   28.40,  -67.34,   2.0,   0.0389,    0.427,    0.411
   28.50,  -67.20,   2.0,   0.0396,    0.431,    0.408
   28.60,  -67.05,   2.0,   0.0403,    0.435,    0.404
   28.70,  -66.90,   2.0,    0.041,    0.439,    0.401
   28.80,  -66.76,   2.0,   0.0417,    0.443,    0.398
   28.90,  -66.61,   2.0,   0.0424,    0.447,    0.395
   29.00,  -66.46,   2.0,   0.0432,    0.451,    0.393
   29.10,  -66.31,   2.0,   0.0439,    0.454,     0.39
   29.20,  -66.16,   2.0,   0.0447,    0.457,    0.388
   29.30,  -66.01,   2.0,   0.0455,     0.46,    0.385
   29.40,  -65.86,   2.0,   0.0463,    0.463,    0.383
   29.50,  -65.71,   2.0,   0.0471,    0.466,    0.381
   29.60,  -65.57,   2.0,    0.048,    0.469,    0.379
   29.70,  -65.42,   2.0,   0.0488,    0.471,    0.377
   29.80,  -65.27,   2.0,   0.0497,    0.474,    0.375
   29.90,  -65.12,   2.0,   0.0506,    0.476,    0.373
   30.00,  -64.97,   2.0,   0.0515,    0.478,    0.372
   30.10,  -64.82,   2.0,   0.0524,     0.48,     0.37
   30.20,  -64.67,   2.0,   0.0533,    0.482,    0.369
   30.30,  -64.52,   2.0,   0.0542,    0.484,    0.368
   30.40,  -64.37,   2.0,   0.0552,    0.486,    0.367
   30.50,  -64.23,   2.0,   0.0561,    0.487,    0.366
   30.60,  -64.08,   2.0,   0.0571,    0.489,    0.365
   30.70,  -63.93,   2.0,   0.0581,     0.49,    0.364
   30.80,  -63.79,   2.0,   0.0591,    0.491,    0.363
   30.90,  -63.64,   2.0,   0.0601,    0.492,    0.362
   31.00,  -63.49,   2.0,   0.0611,    0.493,    0.361
   31.10,  -63.35,   2.0,   0.0621,    0.494,    0.361
   31.20,  -63.20,   2.0,   0.0632,    0.495,     0.36
   31.30,  -63.06,   2.0,   0.0642,    0.496,     0.36
   31.40,  -62.91,   2.0,   0.0653,    0.496,     0.36
   31.50,  -62.77,   2.0,   0.0664,    0.497,    0.359
   31.60,  -62.62,   2.0,   0.0675,    0.497,    0.359
   31.70,  -62.48,   2.0,   0.0686,    0.497,    0.359
   31.80,  -62.33,   2.0,   0.0698,    0.498,    0.359
   31.90,  -62.19,   2.0,   0.0709,    0.498,    0.359
   32.00,  -62.05,   2.0,   0.0721,    0.498,    0.359
   32.10,  -61.90,   2.0,   0.0732,    0.497,    0.359
   32.20,  -61.76,   2.0,   0.0744,    0.497,    0.359
   32.30,  -61.61,   2.0,   0.0756,    0.497,     0.36
   32.40,  -61.47,   2.0,   0.0769,    0.497,     0.36
   32.50,  -61.33,   2.0,   0.0781,    0.496,     0.36
   32.60,  -61.18,   2.0,   0.0794,    0.495,    0.361
   32.70,  -61.04,   2.0,   0.0807,    0.495,    0.361
   32.80,  -60.89,   2.0,    0.082,    0.494,    0.362
   32.90,  -60.74,   2.0,   0.0833,    0.493,    0.362
   33.00,  -60.59,   2.0,   0.0847,    0.492,    0.363
   33.10,  -60.44,   2.0,   0.0861,    0.491,    0.364
   33.20,  -60.29,   2.0,   0.0875,     0.49,    0.364
   33.30,  -60.14,   2.0,   0.0889,    0.489,    0.365
   33.40,  -59.99,   2.0,   0.0904,    0.488,    0.366
   33.50,  -59.83,   2.0,   0.0919,    0.486,    0.367
   33.60,  -59.67,   2.0,   0.0934,    0.485,    0.368
   33.70,  -59.51,   2.0,    0.095,    0.483,    0.369
   33.80,  -59.35,   2.0,   0.0967,    0.482,     0.37
   33.90,  -59.18,   2.0,   0.0984,     0.48,    0.371
   34.00,  -59.01,   2.0,      0.1,    0.478,    0.372
   34.10,  -58.83,   2.0,    0.102,    0.476,    0.373
   34.20,  -58.65,   2.0,    0.104,    0.474,    0.374
   34.30,  -58.46,   2.0,    0.106,    0.472,    0.376
   34.40,  -58.26,   2.0,    0.108,     0.47,    0.377
   34.50,  -58.05,   2.0,     0.11,    0.468,    0.378
   34.60,  -57.83,   2.0,    0.112,    0.465,     0.38
   34.70,  -57.60,   2.0,    0.115,    0.463,    0.381
   34.80,  -57.35,   2.0,    0.117,     0.46,    0.383
   34.90,  -57.09,   2.0,     0.12,    0.457,    0.385
   35.00,  -56.79,   2.0,    0.123,    0.454,    0.386
   35.10,  -56.47,   2.0,    0.127,    0.451,    0.388
   35.20,  -56.11,   2.0,     0.13,    0.448,     0.39
   35.30,  -55.70,   2.0,    0.135,    0.444,    0.392
   35.40,  -55.23,   2.0,    0.139,    0.441,    0.395
   35.50,  -54.67,   2.0,    0.145,    0.437,    0.397
   35.60,  -54.00,   2.0,    0.152,    0.432,      0.4
   35.70,  -53.17,   2.0,     0.16,    0.427,    0.403
   35.80,  -52.09,   2.0,     0.17,    0.422,    0.406
   35.90,  -50.64,   2.0,    0.183,    0.415,     0.41
   36.00,  -48.58,   2.0,    0.201,    0.407,    0.414
   36.10,  -45.41,   2.0,    0.226,    0.398,     0.42
   36.20,  -40.02,   2.0,    0.265,    0.385,    0.427
   36.30,  -29.48,   2.0,    0.331,    0.365,    0.438
   36.35,  -21.96,   2.0,    0.396,    0.348,    0.447
   36.38,  -17.57,   2.0,    0.438,    0.338,    0.452
   36.40,  -11.97,   2.0,    0.485,    0.328,    0.459
   36.43,   -5.15,   2.0,    0.538,    0.317,    0.467
   36.44,   -1.82,   2.0,    0.567,    0.311,    0.471
   36.45,    1.75,   2.0,    0.597,    0.306,    0.476
   36.46,    5.49,   2.0,    0.627,      0.3,    0.481
   36.48,    9.33,   2.0,    0.658,    0.295,    0.487
   36.49,   13.15,   2.0,    0.688,    0.289,    0.492
   36.50,   16.84,   2.0,    0.718,    0.284,    0.498
   36.51,   20.30,   2.0,    0.747,    0.279,    0.505
   36.53,   23.43,   2.0,    0.774,    0.273,    0.511
   36.55,   29.42,   2.0,    0.825,    0.263,    0.525
   36.58,   32.76,   2.0,    0.867,    0.254,    0.539
   36.60,   34.06,   2.0,    0.901,    0.244,    0.553
   36.63,   34.06,   2.0,    0.926,    0.235,    0.567
   36.65,   33.31,   2.0,    0.945,    0.226,    0.581
   36.68,   32.13,   2.0,    0.958,    0.218,    0.594
   36.70,   30.68,   2.0,    0.968,     0.21,    0.606
   36.73,   29.07,   2.0,    0.976,    0.202,    0.618
   36.75,   27.32,   2.0,    0.981,    0.195,    0.629
   36.78,   25.48,   2.0,    0.985,    0.187,    0.639
   36.80,   23.56,   2.0,    0.987,    0.181,    0.649
   36.83,   21.60,   2.0,    0.989,    0.174,    0.659
   36.85,   19.60,   2.0,     0.99,    0.167,    0.667
   36.88,   17.57,   2.0,    0.991,    0.161,    0.675
   36.90,   15.52,   2.0,    0.992,    0.155,    0.683
   36.93,   13.48,   2.0,    0.992,     0.15,     0.69
   36.95,   11.43,   2.0,    0.991,    0.144,    0.697
   36.98,    9.39,   2.0,    0.991,    0.139,    0.703
   37.00,    7.37,   2.0,     0.99,    0.134,    0.709
   37.03,    5.36,   2.0,    0.989,    0.129,    0.715
   37.05,    3.38,   2.0,    0.988,    0.124,     0.72
   37.08,    1.41,   2.0,    0.987,     0.12,    0.724
   37.10,   -0.52,   2.0,    0.985,    0.116,    0.729
   37.13,   -2.44,   2.0,    0.984,    0.112,    0.733
   37.15,   -4.32,   2.0,    0.981,    0.108,    0.736
   37.18,   -6.18,   2.0,    0.979,    0.104,     0.74
   37.20,   -8.00,   2.0,    0.976,      0.1,    0.743
   37.23,   -9.80,   2.0,    0.973,    0.097,    0.746
   37.25,  -11.58,   2.0,     0.97,   0.0939,    0.748
   37.27,  -13.32,   2.0,    0.966,   0.0908,    0.751
   37.30,  -15.04,   2.0,    0.961,    0.088,    0.753
   37.32,  -16.73,   2.0,    0.956,   0.0853,    0.755
   37.35,  -18.40,   2.0,    0.951,   0.0828,    0.756
   37.37,  -20.04,   2.0,    0.945,   0.0804,    0.758
   37.40,  -21.66,   2.0,    0.938,   0.0782,    0.759
   37.42,  -23.26,   2.0,    0.931,   0.0762,     0.76
   37.45,  -24.84,   2.0,    0.922,   0.0743,    0.761
   37.50,  -29.37,   2.0,    0.905,   0.0709,    0.762
   37.55,  -32.65,   2.0,     0.88,   0.0684,    0.763
   37.60,  -35.87,   2.0,     0.85,   0.0665,    0.762
   37.65,  -39.16,   2.0,    0.814,   0.0653,    0.761
   37.70,  -42.56,   2.0,    0.772,   0.0647,     0.76
   37.75,  -46.14,   2.0,    0.722,   0.0647,    0.758
   37.80,  -49.92,   2.0,    0.664,   0.0654,    0.755
   37.85,  -53.88,   2.0,    0.595,   0.0668,    0.751
   37.90,  -57.88,   2.0,    0.516,    0.069,    0.747
   37.95,  -61.67,   2.0,     0.43,   0.0719,    0.742
   38.00,  -64.93,   2.0,     0.34,   0.0757,    0.737
   38.10,  -70.78,   2.0,    0.185,   0.0848,    0.726
   38.20,  -71.32,   2.0,   0.0755,   0.0972,    0.713
   38.30,  -71.36,   2.0,   0.0396,     0.11,      0.7
   38.40,  -71.32,   2.0,   0.0289,    0.122,    0.688
   38.50,  -71.27,   2.0,   0.0258,    0.134,    0.676
   38.60,  -71.22,   2.0,    0.025,    0.146,    0.664
   38.70,  -71.16,   2.0,   0.0249,    0.158,    0.653
   38.80,  -71.10,   2.0,    0.025,    0.169,    0.642
   38.90,  -71.03,   2.0,   0.0252,     0.18,    0.631
   39.00,  -70.96,   2.0,   0.0253,    0.191,     0.62
   39.10,  -70.89,   2.0,   0.0256,    0.202,     0.61
   39.20,  -70.82,   2.0,   0.0258,    0.212,      0.6
   39.30,  -70.74,   2.0,    0.026,    0.222,    0.591
   39.40,  -70.66,   2.0,   0.0263,    0.232,    0.581
   39.50,  -70.58,   2.0,   0.0265,    0.242,    0.572
   39.60,  -70.49,   2.0,   0.0268,    0.251,    0.564
   39.70,  -70.40,   2.0,   0.0271,    0.261,    0.555
   39.80,  -70.31,   2.0,   0.0274,     0.27,    0.547
   39.90,  -70.21,   2.0,   0.0277,    0.279,    0.539
   40.00,  -70.12,   2.0,    0.028,    0.287,    0.531
   40.10,  -70.01,   2.0,   0.0283,    0.296,    0.523
   40.20,  -69.91,   2.0,   0.0287,    0.304,    0.516
   40.30,  -69.80,   2.0,    0.029,    0.312,    0.509
   40.40,  -69.69,   2.0,   0.0294,    0.319,    0.502
   40.50,  -69.58,   2.0,   0.0298,    0.327,    0.495
   40.60,  -69.47,   2.0,   0.0302,    0.334,    0.489
   40.70,  -69.35,   2.0,   0.0307,    0.341,    0.483
   40.80,  -69.23,   2.0,   0.0311,    0.348,    0.477
   40.90,  -69.11,   2.0,   0.0315,    0.355,    0.471
   41.00,  -68.98,   2.0,    0.032,    0.362,    0.465
   41.10,  -68.85,   2.0,   0.0325,    0.368,     0.46
   41.20,  -68.73,   2.0,    0.033,    0.374,    0.454
   41.30,  -68.59,   2.0,   0.0335,     0.38,    0.449
   41.40,  -68.46,   2.0,   0.0341,    0.386,    0.444
   41.50,  -68.33,   2.0,   0.0346,    0.392,     0.44
   41.60,  -68.19,   2.0,   0.0352,    0.397,    0.435
   41.70,  -68.05,   2.0,   0.0357,    0.403,    0.431
   41.80,  -67.91,   2.0,   0.0363,    0.408,    0.427
   41.90,  -67.77,   2.0,    0.037,    0.413,    0.423
   42.00,  -67.63,   2.0,   0.0376,    0.418,    0.419
   42.10,  -67.49,   2.0,   0.0382,    0.422,    0.415
   42.20,  -67.34,   2.0,   0.0389,    0.427,    0.411
   42.30,  -67.20,   2.0,   0.0396,    0.431,    0.408
   42.40,  -67.05,   2.0,   0.0402,    0.435,    0.405
   42.50,  -66.91,   2.0,    0.041,    0.439,    0.401
   42.60,  -66.76,   2.0,   0.0417,    0.443,    0.398
   42.70,  -66.61,   2.0,   0.0424,    0.447,    0.395
   42.80,  -66.46,   2.0,   0.0432,     0.45,    0.393
   42.90,  -66.31,   2.0,   0.0439,    0.454,     0.39
   43.00,  -66.16,   2.0,   0.0447,    0.457,    0.388
   43.10,  -66.02,   2.0,   0.0455,     0.46,    0.385
   43.20,  -65.87,   2.0,   0.0463,    0.463,    0.383
   43.30,  -65.72,   2.0,   0.0471,    0.466,    0.381
   43.40,  -65.57,   2.0,    0.048,    0.469,    0.379
   43.50,  -65.42,   2.0,   0.0488,    0.471,    0.377
   43.60,  -65.27,   2.0,   0.0497,    0.474,    0.375
   43.70,  -65.12,   2.0,   0.0506,    0.476,    0.373
   43.80,  -64.97,   2.0,   0.0515,    0.478,    0.372
   43.90,  -64.82,   2.0,   0.0524,     0.48,     0.37
   44.00,  -64.67,   2.0,   0.0533,    0.482,    0.369
   44.10,  -64.52,   2.0,   0.0542,    0.484,    0.368
   44.20,  -64.38,   2.0,   0.0552,    0.486,    0.367
   44.30,  -64.23,   2.0,   0.0561,    0.487,    0.366
   44.40,  -64.08,   2.0,   0.0571,    0.489,    0.365
   44.50,  -63.93,   2.0,   0.0581,     0.49,    0.364
   44.60,  -63.79,   2.0,   0.0591,    0.491,    0.363
   44.70,  -63.64,   2.0,   0.0601,    0.492,    0.362
   44.80,  -63.50,   2.0,   0.0611,    0.493,    0.361
   44.90,  -63.35,   2.0,   0.0621,    0.494,    0.361
   45.00,  -63.20,   2.0,   0.0632,    0.495,     0.36
   45.10,  -63.06,   2.0,   0.0642,    0.496,     0.36
   45.20,  -62.91,   2.0,   0.0653,    0.496,     0.36
   45.30,  -62.77,   2.0,   0.0664,    0.497,    0.359
   45.40,  -62.63,   2.0,   0.0675,    0.497,    0.359
   45.50,  -62.48,   2.0,   0.0686,    0.497,    0.359
   45.60,  -62.34,   2.0,   0.0697,    0.497,    0.359
   45.70,  -62.19,   2.0,   0.0709,    0.498,    0.359
   45.80,  -62.05,   2.0,    0.072,    0.498,    0.359
   45.90,  -61.91,   2.0,   0.0732,    0.497,    0.359
   46.00,  -61.76,   2.0,   0.0744,    0.497,    0.359
   46.10,  -61.62,   2.0,   0.0756,    0.497,     0.36
   46.20,  -61.47,   2.0,   0.0769,    0.496,     0.36
   46.30,  -61.33,   2.0,   0.0781,    0.496,     0.36
   46.40,  -61.18,   2.0,   0.0794,    0.495,    0.361
   46.50,  -61.04,   2.0,   0.0807,    0.495,    0.361
   46.60,  -60.89,   2.0,    0.082,    0.494,    0.362
   46.70,  -60.74,   2.0,   0.0833,    0.493,    0.362
   46.80,  -60.60,   2.0,   0.0846,    0.492,    0.363
   46.90,  -60.45,   2.0,    0.086,    0.491,    0.364
   47.00,  -60.30,   2.0,   0.0874,     0.49,    0.364
   47.10,  -60.14,   2.0,   0.0889,    0.489,    0.365
   47.20,  -59.99,   2.0,   0.0904,    0.488,    0.366
   47.30,  -59.83,   2.0,   0.0919,    0.486,    0.367
   47.40,  -59.68,   2.0,   0.0934,    0.485,    0.368
   47.50,  -59.52,   2.0,    0.095,    0.483,    0.369
   47.60,  -59.35,   2.0,   0.0966,    0.482,     0.37
   47.70,  -59.18,   2.0,   0.0983,     0.48,    0.371
   47.80,  -59.01,   2.0,      0.1,    0.478,    0.372
   47.90,  -58.83,   2.0,    0.102,    0.476,    0.373
   48.00,  -58.65,   2.0,    0.104,    0.474,    0.374
   48.10,  -58.46,   2.0,    0.106,    0.472,    0.376
   48.20,  -58.26,   2.0,    0.108,     0.47,    0.377
   48.30,  -58.06,   2.0,     0.11,    0.468,    0.378
   48.40,  -57.84,   2.0,    0.112,    0.465,     0.38
   48.50,  -57.61,   2.0,    0.115,    0.463,    0.381
   48.60,  -57.36,   2.0,    0.117,     0.46,    0.383
   48.70,  -57.09,   2.0,     0.12,    0.457,    0.385
   48.80,  -56.80,   2.0,    0.123,    0.454,    0.386
   48.90,  -56.48,   2.0,    0.127,    0.451,    0.388
   49.00,  -56.12,   2.0,     0.13,    0.448,     0.39
   49.10,  -55.71,   2.0,    0.135,    0.445,    0.392
   49.20,  -55.24,   2.0,    0.139,    0.441,    0.395
   49.30,  -54.69,   2.0,    0.145,    0.437,    0.397
   49.40,  -54.02,   2.0,    0.152,    0.432,      0.4
   49.50,  -53.19,   2.0,     0.16,    0.427,    0.402
   49.60,  -52.12,   2.0,     0.17,    0.422,    0.406
   49.70,  -50.68,   2.0,    0.183,    0.415,    0.409
   49.80,  -48.64,   2.0,      0.2,    0.408,    0.414
   49.90,  -45.51,   2.0,    0.225,    0.398,    0.419
   50.00,  -40.21,   2.0,    0.264,    0.385,    0.427
   50.10,  -29.88,   2.0,    0.328,    0.366,    0.437
   50.15,  -22.52,   2.0,    0.392,    0.349,    0.446
   50.18,  -18.21,   2.0,    0.434,    0.339,    0.452
   50.20,  -12.73,   2.0,     0.48,    0.329,    0.458
   50.23,   -6.02,   2.0,    0.532,    0.318,    0.466
   50.24,   -2.73,   2.0,    0.561,    0.312,     0.47
   50.25,    0.81,   2.0,     0.59,    0.307,    0.475
   50.26,    4.54,   2.0,     0.62,    0.301,     0.48
   50.28,    8.38,   2.0,    0.651,    0.296,    0.485
   50.29,   12.22,   2.0,    0.681,     0.29,    0.491
   50.30,   15.96,   2.0,    0.711,    0.285,    0.497
   50.31,   19.49,   2.0,    0.741,     0.28,    0.503
   50.33,   22.71,   2.0,    0.768,    0.274,     0.51
   50.34,   25.53,   2.0,    0.794,    0.269,    0.517
   50.36,   30.72,   2.0,    0.842,    0.259,     0.53
   50.39,   33.32,   2.0,    0.881,     0.25,    0.544
   50.41,   34.11,   2.0,    0.911,    0.241,    0.559
   50.44,   33.80,   2.0,    0.934,    0.232,    0.573
   50.46,   32.87,   2.0,     0.95,    0.223,    0.586
   50.49,   31.58,   2.0,    0.962,    0.215,    0.599
   50.51,   30.06,   2.0,    0.971,    0.207,    0.611
   50.54,   28.39,   2.0,    0.978,    0.199,    0.622
   50.56,   26.61,   2.0,    0.982,    0.192,    0.633
   50.59,   24.74,   2.0,    0.986,    0.185,    0.643
   50.61,   22.80,   2.0,    0.988,    0.178,    0.653
   50.64,   20.82,   2.0,     0.99,    0.171,    0.662
   50.66,   18.81,   2.0,    0.991,    0.165,     0.67
   50.69,   16.77,   2.0,    0.991,    0.159,    0.678
   50.71,   14.73,   2.0,    0.992,    0.153,    0.686
   50.74,   12.68,   2.0,    0.992,    0.147,    0.693
   50.76,   10.63,   2.0,    0.991,    0.142,    0.699
   50.79,    8.60,   2.0,    0.991,    0.137,    0.706
   50.81,    6.58,   2.0,     0.99,    0.132,    0.711
   50.84,    4.58,   2.0,    0.989,    0.127,    0.716
   50.86,    2.61,   2.0,    0.988,    0.123,    0.721
   50.89,    0.65,   2.0,    0.986,    0.118,    0.726
   50.91,   -1.27,   2.0,    0.985,    0.114,     0.73
   50.94,   -3.18,   2.0,    0.983,     0.11,    0.734
   50.96,   -5.05,   2.0,    0.981,    0.106,    0.738
   50.99,   -6.89,   2.0,    0.978,    0.103,    0.741
   51.01,   -8.71,   2.0,    0.975,    0.099,    0.744
   51.04,  -10.50,   2.0,    0.972,   0.0957,    0.747
   51.06,  -12.26,   2.0,    0.968,   0.0926,    0.749
   51.09,  -14.00,   2.0,    0.964,   0.0897,    0.751
   51.11,  -15.70,   2.0,    0.959,   0.0869,    0.754
   51.14,  -17.39,   2.0,    0.954,   0.0843,    0.755
   51.16,  -19.04,   2.0,    0.949,   0.0818,    0.757
   51.19,  -20.68,   2.0,    0.942,   0.0795,    0.758
   51.21,  -22.29,   2.0,    0.935,   0.0774,    0.759
   51.24,  -23.88,   2.0,    0.928,   0.0754,     0.76
   51.29,  -28.46,   2.0,    0.911,   0.0718,    0.762
   51.34,  -31.72,   2.0,    0.887,   0.0691,    0.763
   51.39,  -34.93,   2.0,    0.859,    0.067,    0.762
   51.44,  -38.19,   2.0,    0.825,   0.0656,    0.762
   51.49,  -41.55,   2.0,    0.785,   0.0648,     0.76
   51.54,  -45.07,   2.0,    0.737,   0.0647,    0.758
   51.59,  -48.79,   2.0,    0.681,   0.0652,    0.756
   51.64,  -52.70,   2.0,    0.616,   0.0664,    0.752
   51.69,  -56.71,   2.0,     0.54,   0.0683,    0.748
   51.74,  -60.59,   2.0,    0.456,    0.071,    0.744
   51.79,  -64.04,   2.0,    0.366,   0.0745,    0.739
   51.89,  -70.60,   2.0,    0.206,   0.0832,    0.727
   51.99,  -71.30,   2.0,   0.0833,   0.0955,    0.714
   52.09,  -71.36,   2.0,    0.042,    0.108,    0.702
   52.19,  -71.33,   2.0,   0.0296,    0.121,    0.689
   52.29,  -71.28,   2.0,    0.026,    0.133,    0.677
   52.39,  -71.22,   2.0,   0.0251,    0.145,    0.666
   52.49,  -71.17,   2.0,   0.0249,    0.156,    0.654
   52.59,  -71.10,   2.0,    0.025,    0.168,    0.643
   52.69,  -71.04,   2.0,   0.0251,    0.179,    0.632
   52.79,  -70.97,   2.0,   0.0253,     0.19,    0.622
   52.89,  -70.90,   2.0,   0.0255,      0.2,    0.612
   52.99,  -70.83,   2.0,   0.0257,    0.211,    0.602
   53.09,  -70.75,   2.0,    0.026,    0.221,    0.592
   53.19,  -70.67,   2.0,   0.0262,    0.231,    0.583
   53.29,  -70.59,   2.0,   0.0265,    0.241,    0.574
   53.39,  -70.50,   2.0,   0.0267,     0.25,    0.565
   53.49,  -70.41,   2.0,    0.027,    0.259,    0.556
   53.59,  -70.32,   2.0,   0.0273,    0.269,    0.548
   53.69,  -70.23,   2.0,   0.0276,    0.277,     0.54
   53.79,  -70.13,   2.0,    0.028,    0.286,    0.532
   53.89,  -70.03,   2.0,   0.0283,    0.294,    0.524
   53.99,  -69.92,   2.0,   0.0286,    0.303,    0.517
   54.09,  -69.82,   2.0,    0.029,    0.311,     0.51
   54.19,  -69.71,   2.0,   0.0294,    0.318,    0.503
   54.29,  -69.60,   2.0,   0.0298,    0.326,    0.496
   54.39,  -69.48,   2.0,   0.0302,    0.333,     0.49
   54.49,  -69.36,   2.0,   0.0306,    0.341,    0.484
   54.59,  -69.25,   2.0,    0.031,    0.348,    0.477
   54.69,  -69.12,   2.0,   0.0315,    0.354,    0.472
   54.79,  -69.00,   2.0,   0.0319,    0.361,    0.466
   54.89,  -68.87,   2.0,   0.0324,    0.367,     0.46
   54.99,  -68.74,   2.0,   0.0329,    0.374,    0.455
   55.09,  -68.61,   2.0,   0.0334,     0.38,     0.45
   55.19,  -68.48,   2.0,    0.034,    0.386,    0.445
   55.29,  -68.55,   0.0,   0.0345,    0.391,     0.44
   55.39,  -68.58,   0.0,   0.0346,    0.397,    0.436
   55.49,  -68.59,   0.0,   0.0345,    0.402,    0.431
   55.59,  -68.58,   0.0,   0.0344,    0.408,    0.427
   55.69,  -68.56,   0.0,   0.0344,    0.413,    0.422
   55.79,  -68.52,   0.0,   0.0345,    0.418,    0.418
   55.89,  -68.47,   0.0,   0.0346,    0.424,    0.414
   55.99,  -68.41,   0.0,   0.0348,    0.429,     0.41
   56.09,  -68.35,   0.0,    0.035,    0.434,    0.406
   56.19,  -68.27,   0.0,   0.0353,    0.438,    0.403
   56.29,  -68.20,   0.0,   0.0356,    0.443,    0.399
   56.39,  -68.11,   0.0,   0.0359,    0.447,    0.396
   56.49,  -68.03,   0.0,   0.0362,    0.452,    0.393
   56.59,  -67.94,   0.0,   0.0366,    0.456,    0.389
   56.69,  -67.84,   0.0,    0.037,     0.46,    0.386
   56.79,  -67.75,   0.0,   0.0374,    0.464,    0.383
   56.89,  -67.65,   0.0,   0.0378,    0.468,     0.38
   56.99,  -67.55,   0.0,   0.0383,    0.472,    0.378
   57.09,  -67.45,   0.0,   0.0387,    0.476,    0.375
   57.19,  -67.35,   0.0,   0.0392,    0.479,    0.373
   57.29,  -67.24,   0.0,   0.0397,    0.483,     0.37
   57.39,  -67.14,   0.0,   0.0402,    0.486,    0.368
   57.49,  -67.03,   0.0,   0.0407,    0.489,    0.366
   57.59,  -66.93,   0.0,   0.0412,    0.492,    0.364
   57.69,  -66.82,   0.0,   0.0417,    0.495,    0.362
   57.79,  -66.71,   0.0,   0.0422,    0.498,     0.36
   57.89,  -66.60,   0.0,   0.0428,    0.501,    0.358
   57.99,  -66.49,   0.0,   0.0433,    0.503,    0.356
   58.09,  -66.39,   0.0,   0.0439,    0.506,    0.354
   58.19,  -66.28,   0.0,   0.0445,    0.508,    0.353
   58.29,  -66.17,   0.0,    0.045,     0.51,    0.351
   58.39,  -66.06,   0.0,   0.0456,    0.513,     0.35
   58.49,  -65.95,   0.0,   0.0462,    0.515,    0.349
   58.59,  -65.85,   0.0,   0.0468,    0.517,    0.347
   58.69,  -65.74,   0.0,   0.0474,    0.519,    0.346
   58.79,  -65.63,   0.0,    0.048,     0.52,    0.345
   58.89,  -65.52,   0.0,   0.0486,    0.522,    0.344
   58.99,  -65.42,   0.0,   0.0493,    0.524,    0.343
   59.09,  -65.31,   0.0,   0.0499,    0.525,    0.342
   59.19,  -65.20,   0.0,   0.0505,    0.527,    0.342
   59.29,  -65.10,   0.0,   0.0511,    0.528,    0.341
   59.39,  -64.99,   0.0,   0.0518,    0.529,     0.34
   59.49,  -64.89,   0.0,   0.0524,     0.53,     0.34
   59.59,  -64.79,   0.0,   0.0531,    0.532,    0.339
   59.69,  -64.68,   0.0,   0.0537,    0.533,    0.339
   59.79,  -64.58,   0.0,   0.0544,    0.533,    0.338
   59.89,  -64.48,   0.0,    0.055,    0.534,    0.338
   59.99,  -64.38,   0.0,   0.0557,    0.535,    0.337
   60.09,  -64.28,   0.0,   0.0563,    0.536,    0.337
   60.19,  -64.18,   0.0,    0.057,    0.536,    0.337
   60.29,  -64.08,   0.0,   0.0577,    0.537,    0.337
   60.39,  -63.99,   0.0,   0.0583,    0.537,    0.337
   60.49,  -63.89,   0.0,    0.059,    0.538,    0.336
   60.59,  -63.79,   0.0,   0.0597,    0.538,    0.336
   60.69,  -63.70,   0.0,   0.0603,    0.538,    0.336
   60.79,  -63.60,   0.0,    0.061,    0.539,    0.336
   60.89,  -63.51,   0.0,   0.0617,    0.539,    0.337
   60.99,  -63.42,   0.0,   0.0624,    0.539,    0.337
   61.09,  -63.33,   0.0,    0.063,    0.539,    0.337
   61.19,  -63.24,   0.0,   0.0637,    0.539,    0.337
   61.29,  -63.15,   0.0,   0.0644,    0.539,    0.337
   61.39,  -63.06,   0.0,    0.065,    0.539,    0.337
   61.49,  -62.98,   0.0,   0.0657,    0.538,    0.338
   61.59,  -62.89,   0.0,   0.0664,    0.538,    0.338
   61.69,  -62.81,   0.0,    0.067,    0.538,    0.338
   61.79,  -62.72,   0.0,   0.0677,    0.537,    0.339
   61.89,  -62.64,   0.0,   0.0683,    0.537,    0.339
   61.99,  -62.56,   0.0,    0.069,    0.537,     0.34
   62.09,  -62.48,   0.0,   0.0696,    0.536,     0.34
   62.19,  -62.41,   0.0,   0.0702,    0.536,    0.341
   62.29,  -62.33,   0.0,   0.0709,    0.535,    0.341
   62.39,  -62.26,   0.0,   0.0715,    0.534,    0.342
   62.49,  -62.18,   0.0,   0.0721,    0.534,    0.342
   62.59,  -62.11,   0.0,   0.0727,    0.533,    0.343
   62.69,  -62.04,   0.0,   0.0733,    0.532,    0.343
   62.79,  -61.98,   0.0,   0.0739,    0.531,    0.344
   62.89,  -61.91,   0.0,   0.0745,    0.531,    0.344
   62.99,  -61.85,   0.0,   0.0751,     0.53,    0.345
   63.09,  -61.78,   0.0,   0.0756,    0.529,    0.346
   63.19,  -61.73,   0.0,   0.0762,    0.528,    0.346
   63.29,  -61.67,   0.0,   0.0767,    0.527,    0.347
   63.39,  -61.61,   0.0,   0.0772,    0.526,    0.348
   63.49,  -61.56,   0.0,   0.0777,    0.525,    0.348
   63.59,  -61.51,   0.0,   0.0782,    0.524,    0.349
   63.69,  -61.47,   0.0,   0.0786,    0.523,    0.349
   63.79,  -61.42,   0.0,   0.0791,    0.522,     0.35
   63.89,  -61.38,   0.0,   0.0795,    0.521,    0.351
   63.99,  -61.34,   0.0,   0.0799,     0.52,    0.351
   64.09,  -61.31,   0.0,   0.0803,    0.519,    0.352
   64.19,  -61.28,   0.0,   0.0806,    0.518,    0.353
   64.29,  -61.25,   0.0,   0.0809,    0.517,    0.353
   64.39,  -61.22,   0.0,   0.0812,    0.516,    0.354
   64.49,  -61.20,   0.0,   0.0815,    0.515,    0.355
   64.59,  -61.18,   0.0,   0.0817,    0.514,    0.355
   64.69,  -61.17,   0.0,   0.0819,    0.513,    0.356
   64.79,  -61.16,   0.0,   0.0821,    0.512,    0.357
   64.89,  -61.16,   0.0,   0.0822,    0.511,    0.357
   64.99,  -61.15,   0.0,   0.0823,     0.51,    0.358
   65.09,  -61.16,   0.0,   0.0823,    0.509,    0.358
   65.19,  -61.16,   0.0,   0.0823,    0.508,    0.359
   65.29,  -61.17,   0.0,   0.0823,    0.507,     0.36
   65.39,  -61.19,   0.0,   0.0823,    0.506,     0.36
   65.49,  -61.21,   0.0,   0.0822,    0.506,    0.361
   65.59,  -61.24,   0.0,    0.082,    0.505,    0.361
   65.69,  -61.26,   0.0,   0.0818,    0.504,    0.361
   65.79,  -61.30,   0.0,   0.0816,    0.503,    0.362
   65.89,  -61.33,   0.0,   0.0814,    0.502,    0.362
   65.99,  -61.38,   0.0,   0.0811,    0.502,    0.363
   66.09,  -61.42,   0.0,   0.0807,    0.501,    0.363
   66.19,  -61.47,   0.0,   0.0804,      0.5,    0.363
   66.29,  -61.52,   0.0,     0.08,      0.5,    0.364
   66.39,  -61.58,   0.0,   0.0795,    0.499,    0.364
   66.49,  -61.64,   0.0,   0.0791,    0.499,    0.364
   66.59,  -61.70,   0.0,   0.0786,    0.498,    0.364
   66.69,  -61.76,   0.0,   0.0781,    0.498,    0.364
