#time (msec), membrane voltage (mV), stimulus level (nA), m, h, n
    0.10,  -63.15,   0.0,   0.0655,    0.517,    0.351
    0.20,  -63.13,   0.0,   0.0656,    0.517,     0.35
    0.30,  -63.12,   0.0,   0.0657,    0.517,     0.35
    0.40,  -63.10,   0.0,   0.0658,    0.517,     0.35
    0.50,  -63.08,   0.0,   0.0659,    0.517,     0.35
    0.60,  -63.06,   0.0,   0.0661,    0.518,     0.35
    0.70,  -63.05,   0.0,   0.0662,    0.518,     0.35
    0.80,  -63.03,   0.0,   0.0663,    0.518,     0.35
    0.90,  -63.01,   0.0,   0.0665,    0.518,     0.35
    1.00,  -62.99,   0.0,   0.0666,    0.518,     0.35
    1.10,  -62.97,   0.0,   0.0668,    0.518,     0.35
    1.20,  -62.95,   0.0,   0.0669,    0.518,     0.35
    1.30,  -62.93,   0.0,    0.067,    0.519,     0.35
    1.40,  -62.91,   0.0,   0.0672,    0.519,     0.35
    1.50,  -62.90,   0.0,   0.0673,    0.519,     0.35
    1.60,  -62.88,   0.0,   0.0675,    0.519,     0.35
    1.70,  -62.86,   0.0,   0.0676,    0.519,     0.35
    1.80,  -62.84,   0.0,   0.0678,    0.519,     0.35
    1.90,  -62.82,   0.0,   0.0679,    0.519,     0.35
    2.00,  -62.80,   0.0,   0.0681,    0.519,     0.35
    2.10,  -62.78,   0.0,   0.0682,    0.519,     0.35
    2.20,  -62.77,   0.0,   0.0683,    0.519,     0.35
    2.30,  -62.75,   0.0,   0.0685,    0.519,     0.35
    2.40,  -62.73,   0.0,   0.0686,    0.519,     0.35
    2.50,  -62.72,   0.0,   0.0688,    0.519,     0.35
    2.60,  -62.70,   0.0,   0.0689,    0.519,     0.35
    2.70,  -62.68,   0.0,    0.069,    0.518,     0.35
    2.80,  -62.67,   0.0,   0.0692,    0.518,    0.351
    2.90,  -62.65,   0.0,   0.0693,    0.518,    0.351
    3.00,  -62.64,   0.0,   0.0694,    0.518,    0.351
    3.10,  -62.62,   0.0,   0.0695,    0.518,    0.351
    3.20,  -62.61,   0.0,   0.0696,    0.518,    0.351
    3.30,  -62.60,   0.0,   0.0698,    0.518,    0.351
    3.40,  -62.59,   0.0,   0.0699,    0.518,    0.351
    3.50,  -62.57,   0.0,     0.07,    0.518,    0.351
    3.60,  -62.56,   0.0,   0.0701,    0.517,    0.351
    3.70,  -62.55,   0.0,   0.0702,    0.517,    0.352
    3.80,  -62.54,   0.0,   0.0702,    0.517,    0.352
    3.90,  -62.53,   0.0,   0.0703,    0.517,    0.352
    4.00,  -62.53,   0.0,   0.0704,    0.517,    0.352
    4.10,  -62.52,   0.0,   0.0705,    0.517,    0.352
    4.20,  -62.51,   0.0,   0.0705,    0.516,    0.352
    4.30,  -62.50,   0.0,   0.0706,    0.516,    0.352
    4.40,  -62.50,   0.0,   0.0707,    0.516,    0.352
    4.50,  -62.49,   0.0,   0.0707,    0.516,    0.352
    4.60,  -62.49,   0.0,   0.0708,    0.516,    0.353
    4.70,  -62.49,   0.0,   0.0708,    0.516,    0.353
    4.80,  -62.48,   0.0,   0.0708,    0.515,    0.353
    4.90,  -62.48,   0.0,   0.0709,    0.515,    0.353
    5.00,  -62.48,   0.0,   0.0709,    0.515,    0.353
    5.10,  -62.48,   0.0,   0.0709,    0.515,    0.353
    5.20,  -62.48,   0.0,   0.0709,    0.515,    0.353
    5.30,  -62.48,   0.0,   0.0709,    0.515,    0.353
    5.40,  -62.48,   0.0,   0.0709,    0.514,    0.353
    5.50,  -62.48,   0.0,   0.0709,    0.514,    0.354
    5.60,  -62.48,   0.0,   0.0709,    0.514,    0.354
    5.70,  -62.49,   0.0,   0.0709,    0.514,    0.354
    5.80,  -62.49,   0.0,   0.0709,    0.514,    0.354
    5.90,  -62.49,   0.0,   0.0709,    0.514,    0.354
    6.00,  -62.50,   0.0,   0.0708,    0.514,    0.354
    6.10,  -62.50,   0.0,   0.0708,    0.513,    0.354
    6.20,  -62.51,   0.0,   0.0708,    0.513,    0.354
    6.30,  -62.51,   0.0,   0.0707,    0.513,    0.354
    6.40,  -62.52,   0.0,   0.0707,    0.513,    0.354
    6.50,  -62.53,   0.0,   0.0706,    0.513,    0.354
    6.60,  -62.54,   0.0,   0.0706,    0.513,    0.354
    6.70,  -62.54,   0.0,   0.0705,    0.513,    0.354
    6.80,  -62.55,   0.0,   0.0705,    0.513,    0.354
    6.90,  -62.56,   0.0,   0.0704,    0.513,    0.355
    7.00,  -62.57,   0.0,   0.0704,    0.513,    0.355
    7.10,  -62.58,   0.0,   0.0703,    0.513,    0.355
    7.20,  -62.58,   0.0,   0.0702,    0.513,    0.355
    7.30,  -62.59,   0.0,   0.0702,    0.512,    0.355
    7.40,  -62.60,   0.0,   0.0701,    0.512,    0.355
    7.50,  -62.61,   0.0,     0.07,    0.512,    0.355
    7.60,  -62.62,   0.0,   0.0699,    0.512,    0.355
    7.70,  -62.63,   0.0,   0.0699,    0.512,    0.355
    7.80,  -62.64,   0.0,   0.0698,    0.512,    0.355
    7.90,  -62.65,   0.0,   0.0697,    0.512,    0.355
    8.00,  -62.66,   0.0,   0.0696,    0.512,    0.355
    8.10,  -62.67,   0.0,   0.0696,    0.512,    0.355
    8.20,  -62.68,   0.0,   0.0695,    0.512,    0.355
    8.30,  -62.68,   0.0,   0.0694,    0.512,    0.355
    8.40,  -62.69,   0.0,   0.0694,    0.512,    0.355
    8.50,  -62.70,   0.0,   0.0693,    0.512,    0.355
    8.60,  -62.71,   0.0,   0.0692,    0.512,    0.354
    8.70,  -62.72,   0.0,   0.0691,    0.512,    0.354
    8.80,  -62.73,   0.0,   0.0691,    0.513,    0.354
    8.90,  -62.73,   0.0,    0.069,    0.513,    0.354
    9.00,  -62.74,   0.0,   0.0689,    0.513,    0.354
    9.10,  -62.75,   0.0,   0.0689,    0.513,    0.354
    9.20,  -62.76,   0.0,   0.0688,    0.513,    0.354
    9.30,  -62.76,   0.0,   0.0688,    0.513,    0.354
    9.40,  -62.77,   0.0,   0.0687,    0.513,    0.354
    9.50,  -62.78,   0.0,   0.0687,    0.513,    0.354
    9.60,  -62.78,   0.0,   0.0686,    0.513,    0.354
    9.70,  -62.79,   0.0,   0.0686,    0.513,    0.354
    9.80,  -62.79,   0.0,   0.0685,    0.513,    0.354
    9.90,  -62.80,   0.0,   0.0685,    0.513,    0.354
   10.00,  -62.80,   0.0,   0.0684,    0.513,    0.354
   10.10,  -62.81,   0.0,   0.0684,    0.513,    0.354
   10.20,  -62.81,   0.0,   0.0684,    0.513,    0.354
   10.30,  -62.81,   0.0,   0.0683,    0.514,    0.354
   10.40,  -62.82,   0.0,   0.0683,    0.514,    0.354
   10.50,  -62.82,   0.0,   0.0683,    0.514,    0.354
   10.60,  -62.82,   0.0,   0.0682,    0.514,    0.353
   10.70,  -62.83,   0.0,   0.0682,    0.514,    0.353
   10.80,  -62.83,   0.0,   0.0682,    0.514,    0.353
   10.90,  -62.43,   4.0,   0.0682,    0.514,    0.353
   11.00,  -62.05,   4.0,   0.0697,    0.514,    0.353
   11.10,  -61.67,   4.0,    0.072,    0.513,    0.354
   11.20,  -61.30,   4.0,   0.0748,    0.513,    0.354
   11.30,  -60.92,   4.0,   0.0777,    0.512,    0.355
   11.40,  -60.54,   4.0,   0.0809,    0.511,    0.356
   11.50,  -60.15,   4.0,   0.0842,    0.509,    0.356
   11.60,  -59.75,   4.0,   0.0877,    0.508,    0.358
   11.70,  -59.34,   4.0,   0.0915,    0.506,    0.359
   11.80,  -58.90,   4.0,   0.0955,    0.504,     0.36
   11.90,  -58.43,   4.0,   0.0998,    0.501,    0.362
   12.00,  -57.93,   4.0,    0.104,    0.498,    0.364
   12.10,  -57.38,   4.0,     0.11,    0.495,    0.366
   12.20,  -56.76,   4.0,    0.116,    0.492,    0.368
   12.30,  -56.06,   4.0,    0.122,    0.488,     0.37
   12.40,  -55.24,   4.0,     0.13,    0.483,    0.373
   12.50,  -54.25,   4.0,    0.139,    0.478,    0.376
   12.60,  -53.01,   4.0,     0.15,    0.472,    0.379
   12.70,  -51.36,   4.0,    0.165,    0.465,    0.384
   12.80,  -49.05,   4.0,    0.184,    0.457,    0.389
   12.90,  -45.49,   4.0,    0.212,    0.446,    0.395
   13.00,  -39.32,   4.0,    0.254,    0.431,    0.403
   13.10,  -26.63,   4.0,    0.328,    0.407,    0.415
   13.12,  -23.24,   4.0,    0.367,    0.397,     0.42
   13.15,  -18.68,   4.0,     0.41,    0.386,    0.426
   13.17,  -12.77,   4.0,    0.457,    0.374,    0.433
   13.19,   -9.69,   4.0,    0.485,    0.368,    0.437
   13.20,   -6.24,   4.0,    0.514,    0.361,    0.442
   13.21,   -2.45,   4.0,    0.543,    0.355,    0.446
   13.22,    1.63,   4.0,    0.575,    0.349,    0.451
   13.24,    5.94,   4.0,    0.607,    0.342,    0.457
   13.25,   10.38,   4.0,    0.639,    0.336,    0.462
   13.26,   14.81,   4.0,    0.672,     0.33,    0.469
   13.27,   19.10,   4.0,    0.705,    0.324,    0.475
   13.29,   23.10,   4.0,    0.736,    0.318,    0.482
   13.30,   26.69,   4.0,    0.766,    0.312,    0.489
   13.31,   29.76,   4.0,    0.794,    0.306,    0.497
   13.34,   35.23,   4.0,    0.844,    0.295,    0.512
   13.36,   37.56,   4.0,    0.885,    0.284,    0.528
   13.39,   37.98,   4.0,    0.916,    0.273,    0.543
   13.41,   37.43,   4.0,    0.939,    0.263,    0.558
   13.44,   36.39,   4.0,    0.955,    0.253,    0.573
   13.46,   35.08,   4.0,    0.966,    0.244,    0.586
   13.49,   33.59,   4.0,    0.975,    0.235,      0.6
   13.51,   31.97,   4.0,    0.981,    0.226,    0.612
   13.54,   30.25,   4.0,    0.985,    0.218,    0.624
   13.56,   28.44,   4.0,    0.988,     0.21,    0.635
   13.59,   26.56,   4.0,     0.99,    0.202,    0.645
   13.61,   24.64,   4.0,    0.992,    0.195,    0.655
   13.64,   22.67,   4.0,    0.993,    0.187,    0.664
   13.66,   20.68,   4.0,    0.993,     0.18,    0.673
   13.69,   18.67,   4.0,    0.993,    0.174,    0.681
   13.71,   16.65,   4.0,    0.993,    0.167,    0.689
   13.74,   14.63,   4.0,    0.993,    0.161,    0.696
   13.76,   12.61,   4.0,    0.993,    0.155,    0.703
   13.79,   10.60,   4.0,    0.992,     0.15,    0.709
   13.81,    8.60,   4.0,    0.992,    0.144,    0.715
   13.84,    6.62,   4.0,    0.991,    0.139,     0.72
   13.86,    4.66,   4.0,     0.99,    0.134,    0.725
   13.89,    2.72,   4.0,    0.988,    0.129,     0.73
   13.91,    0.81,   4.0,    0.987,    0.124,    0.734
   13.94,   -1.09,   4.0,    0.985,     0.12,    0.738
   13.96,   -2.95,   4.0,    0.983,    0.116,    0.742
   13.99,   -4.79,   4.0,    0.981,    0.112,    0.746
   14.01,   -6.61,   4.0,    0.978,    0.108,    0.749
   14.04,   -8.39,   4.0,    0.976,    0.104,    0.752
   14.06,  -10.16,   4.0,    0.972,    0.101,    0.754
   14.09,  -11.89,   4.0,    0.969,   0.0975,    0.757
   14.11,  -13.60,   4.0,    0.965,   0.0943,    0.759
   14.14,  -15.29,   4.0,     0.96,   0.0914,    0.761
   14.16,  -16.95,   4.0,    0.955,   0.0886,    0.762
   14.19,  -18.59,   4.0,     0.95,    0.086,    0.764
   14.21,  -20.21,   4.0,    0.944,   0.0835,    0.765
   14.24,  -21.80,   4.0,    0.937,   0.0813,    0.766
   14.26,  -23.38,   4.0,     0.93,   0.0791,    0.767
   14.29,  -24.94,   4.0,    0.921,   0.0772,    0.768
   14.31,  -26.49,   4.0,    0.912,   0.0754,    0.769
   14.36,  -30.96,   4.0,    0.893,   0.0722,    0.769
   14.41,  -34.20,   4.0,    0.866,   0.0699,    0.769
   14.46,  -37.44,   4.0,    0.833,   0.0682,    0.768
   14.51,  -40.78,   4.0,    0.795,   0.0672,    0.767
   14.56,  -44.27,   4.0,    0.749,   0.0668,    0.765
   14.61,  -47.96,   4.0,    0.695,   0.0672,    0.762
   14.66,  -51.85,   4.0,    0.631,   0.0682,    0.759
   14.71,  -55.88,   4.0,    0.558,   0.0699,    0.755
   14.76,  -59.83,   4.0,    0.475,   0.0724,    0.751
   14.81,  -63.40,   4.0,    0.385,   0.0757,    0.745
   14.91,  -70.48,   4.0,    0.221,    0.084,    0.734
   15.01,  -71.14,   4.0,   0.0892,   0.0963,    0.721
   15.11,  -71.18,   4.0,   0.0444,    0.109,    0.708
   15.21,  -71.13,   4.0,   0.0308,    0.121,    0.696
   15.31,  -71.06,   4.0,   0.0268,    0.133,    0.684
   15.41,  -70.99,   4.0,   0.0258,    0.145,    0.672
   15.51,  -70.92,   4.0,   0.0256,    0.156,     0.66
   15.61,  -70.84,   4.0,   0.0257,    0.168,    0.649
   15.71,  -70.76,   4.0,   0.0259,    0.178,    0.638
   15.81,  -70.68,   4.0,   0.0262,    0.189,    0.628
   15.91,  -70.59,   4.0,   0.0265,      0.2,    0.617
   16.01,  -70.50,   4.0,   0.0267,     0.21,    0.607
   16.11,  -70.40,   4.0,    0.027,     0.22,    0.598
   16.21,  -70.30,   4.0,   0.0274,     0.23,    0.588
   16.31,  -70.20,   4.0,   0.0277,    0.239,    0.579
   16.41,  -70.09,   4.0,    0.028,    0.249,     0.57
   16.51,  -69.98,   4.0,   0.0284,    0.258,    0.562
   16.61,  -69.86,   4.0,   0.0288,    0.266,    0.553
   16.71,  -69.75,   4.0,   0.0292,    0.275,    0.545
   16.81,  -69.62,   4.0,   0.0296,    0.283,    0.538
   16.91,  -69.50,   4.0,     0.03,    0.292,     0.53
   17.01,  -69.37,   4.0,   0.0305,    0.299,    0.523
   17.11,  -69.24,   4.0,    0.031,    0.307,    0.516
   17.21,  -69.10,   4.0,   0.0315,    0.315,    0.509
   17.31,  -68.96,   4.0,    0.032,    0.322,    0.502
   17.41,  -68.82,   4.0,   0.0325,    0.329,    0.496
   17.51,  -68.68,   4.0,   0.0331,    0.336,    0.489
   17.61,  -68.53,   4.0,   0.0337,    0.343,    0.483
   17.71,  -68.38,   4.0,   0.0343,    0.349,    0.478
   17.81,  -68.22,   4.0,   0.0349,    0.355,    0.472
   17.91,  -68.07,   4.0,   0.0356,    0.361,    0.467
   18.01,  -67.91,   4.0,   0.0362,    0.367,    0.462
   18.11,  -67.75,   4.0,   0.0369,    0.373,    0.457
   18.21,  -67.59,   4.0,   0.0376,    0.379,    0.452
   18.31,  -67.42,   4.0,   0.0384,    0.384,    0.447
   18.41,  -67.25,   4.0,   0.0391,    0.389,    0.443
   18.51,  -67.09,   4.0,   0.0399,    0.394,    0.438
   18.61,  -66.92,   4.0,   0.0407,    0.399,    0.434
   18.71,  -66.74,   4.0,   0.0416,    0.403,     0.43
   18.81,  -66.57,   4.0,   0.0424,    0.408,    0.427
   18.91,  -66.40,   4.0,   0.0433,    0.412,    0.423
   19.01,  -66.22,   4.0,   0.0442,    0.416,     0.42
   19.11,  -66.05,   4.0,   0.0451,     0.42,    0.416
   19.21,  -65.87,   4.0,    0.046,    0.423,    0.413
   19.31,  -65.69,   4.0,    0.047,    0.427,     0.41
   19.41,  -65.51,   4.0,    0.048,     0.43,    0.408
   19.51,  -65.33,   4.0,    0.049,    0.434,    0.405
   19.61,  -65.15,   4.0,     0.05,    0.437,    0.402
   19.71,  -64.97,   4.0,   0.0511,    0.439,      0.4
   19.81,  -64.79,   4.0,   0.0522,    0.442,    0.398
   19.91,  -64.61,   4.0,   0.0533,    0.445,    0.396
   20.01,  -64.43,   4.0,   0.0544,    0.447,    0.394
   20.11,  -64.25,   4.0,   0.0556,    0.449,    0.392
   20.21,  -64.07,   4.0,   0.0567,    0.452,     0.39
   20.31,  -63.89,   4.0,   0.0579,    0.454,    0.389
   20.41,  -63.71,   4.0,   0.0592,    0.455,    0.387
   20.51,  -63.53,   4.0,   0.0604,    0.457,    0.386
   20.61,  -63.34,   4.0,   0.0617,    0.459,    0.384
   20.71,  -63.16,   4.0,    0.063,     0.46,    0.383
   20.81,  -62.98,   4.0,   0.0643,    0.461,    0.382
   20.91,  -62.80,   4.0,   0.0656,    0.462,    0.381
   21.01,  -62.62,   4.0,    0.067,    0.463,    0.381
   21.11,  -62.43,   4.0,   0.0684,    0.464,     0.38
   21.21,  -62.25,   4.0,   0.0698,    0.465,    0.379
   21.31,  -62.06,   4.0,   0.0713,    0.466,    0.379
   21.41,  -61.88,   4.0,   0.0728,    0.466,    0.378
   21.51,  -61.69,   4.0,   0.0743,    0.466,    0.378
   21.61,  -61.51,   4.0,   0.0758,    0.467,    0.378
   21.71,  -61.32,   4.0,   0.0774,    0.467,    0.377
   21.81,  -61.13,   4.0,   0.0791,    0.467,    0.377
   21.91,  -60.94,   4.0,   0.0807,    0.467,    0.377
   22.01,  -60.74,   4.0,   0.0824,    0.466,    0.378
   22.11,  -60.55,   4.0,   0.0842,    0.466,    0.378
   22.21,  -60.35,   4.0,    0.086,    0.465,    0.378
   22.31,  -60.14,   4.0,   0.0879,    0.465,    0.378
   22.41,  -59.94,   4.0,   0.0898,    0.464,    0.379
   22.51,  -59.73,   4.0,   0.0918,    0.463,    0.379
   22.61,  -59.51,   4.0,   0.0939,    0.462,     0.38
   22.71,  -59.29,   4.0,    0.096,    0.461,    0.381
   22.81,  -59.06,   4.0,   0.0983,    0.459,    0.382
   22.91,  -58.82,   4.0,    0.101,    0.458,    0.382
   23.01,  -58.57,   4.0,    0.103,    0.456,    0.383
   23.11,  -58.31,   4.0,    0.106,    0.454,    0.384
   23.21,  -58.03,   4.0,    0.109,    0.452,    0.386
   23.31,  -57.74,   4.0,    0.112,     0.45,    0.387
   23.41,  -57.42,   4.0,    0.115,    0.448,    0.388
   23.51,  -57.08,   4.0,    0.118,    0.446,     0.39
   23.61,  -56.71,   4.0,    0.122,    0.443,    0.391
   23.71,  -56.30,   4.0,    0.126,     0.44,    0.393
   23.81,  -55.83,   4.0,    0.131,    0.437,    0.395
   23.91,  -55.29,   4.0,    0.137,    0.433,    0.397
   24.01,  -54.67,   4.0,    0.143,    0.429,    0.399
   24.11,  -53.91,   4.0,     0.15,    0.425,    0.402
   24.21,  -52.97,   4.0,     0.16,     0.42,    0.405
   24.31,  -51.77,   4.0,    0.171,    0.415,    0.408
   24.41,  -50.13,   4.0,    0.186,    0.408,    0.412
   24.51,  -47.78,   4.0,    0.206,      0.4,    0.417
   24.61,  -44.10,   4.0,    0.235,     0.39,    0.423
   24.71,  -37.65,   4.0,     0.28,    0.375,    0.431
   24.81,  -24.45,   4.0,    0.359,    0.353,    0.443
   24.84,  -21.13,   4.0,      0.4,    0.343,    0.448
   24.86,  -16.68,   4.0,    0.444,    0.333,    0.454
   24.89,  -11.01,   4.0,    0.492,    0.323,    0.461
   24.91,   -4.13,   4.0,    0.545,    0.312,    0.469
   24.92,   -0.79,   4.0,    0.575,    0.306,    0.473
   24.94,    2.78,   4.0,    0.605,    0.301,    0.478
   24.95,    6.50,   4.0,    0.635,    0.295,    0.484
   24.96,   10.29,   4.0,    0.666,     0.29,    0.489
   24.97,   14.04,   4.0,    0.696,    0.285,    0.495
   24.99,   17.64,   4.0,    0.726,    0.279,    0.501
   25.00,   20.99,   4.0,    0.754,    0.274,    0.507
   25.01,   23.99,   4.0,    0.781,    0.269,    0.514
   25.04,   29.68,   4.0,     0.83,    0.259,    0.527
   25.06,   32.76,   4.0,    0.871,     0.25,    0.542
   25.09,   33.90,   4.0,    0.904,     0.24,    0.556
   25.11,   33.80,   4.0,    0.928,    0.231,     0.57
   25.14,   32.99,   4.0,    0.946,    0.223,    0.583
   25.16,   31.78,   4.0,     0.96,    0.215,    0.596
   25.19,   30.31,   4.0,    0.969,    0.207,    0.608
   25.21,   28.66,   4.0,    0.976,    0.199,     0.62
   25.24,   26.90,   4.0,    0.981,    0.192,    0.631
   25.26,   25.04,   4.0,    0.985,    0.185,    0.641
   25.29,   23.11,   4.0,    0.987,    0.178,    0.651
   25.31,   21.14,   4.0,    0.989,    0.171,     0.66
   25.34,   19.12,   4.0,     0.99,    0.165,    0.669
   25.36,   17.09,   4.0,    0.991,    0.159,    0.677
   25.39,   15.04,   4.0,    0.991,    0.153,    0.684
   25.41,   12.99,   4.0,    0.991,    0.147,    0.691
   25.44,   10.94,   4.0,    0.991,    0.142,    0.698
   25.46,    8.90,   4.0,    0.991,    0.137,    0.704
   25.49,    6.88,   4.0,     0.99,    0.132,     0.71
   25.51,    4.88,   4.0,    0.989,    0.127,    0.715
   25.54,    2.89,   4.0,    0.988,    0.122,     0.72
   25.56,    0.93,   4.0,    0.987,    0.118,    0.725
   25.59,   -1.00,   4.0,    0.985,    0.114,    0.729
   25.61,   -2.91,   4.0,    0.983,     0.11,    0.733
   25.64,   -4.79,   4.0,    0.981,    0.106,    0.737
   25.66,   -6.64,   4.0,    0.978,    0.102,     0.74
   25.69,   -8.46,   4.0,    0.975,   0.0989,    0.743
   25.71,  -10.25,   4.0,    0.972,   0.0956,    0.746
   25.74,  -12.02,   4.0,    0.969,   0.0925,    0.748
   25.76,  -13.76,   4.0,    0.965,   0.0895,    0.751
   25.79,  -15.47,   4.0,     0.96,   0.0867,    0.753
   25.81,  -17.15,   4.0,    0.955,   0.0841,    0.755
   25.84,  -18.81,   4.0,    0.949,   0.0817,    0.756
   25.86,  -20.45,   4.0,    0.943,   0.0794,    0.758
   25.89,  -22.06,   4.0,    0.936,   0.0772,    0.759
   25.91,  -23.66,   4.0,    0.929,   0.0752,     0.76
   25.96,  -28.23,   4.0,    0.912,   0.0716,    0.761
   26.01,  -31.49,   4.0,    0.889,   0.0689,    0.762
   26.06,  -34.68,   4.0,    0.861,   0.0668,    0.762
   26.11,  -37.92,   4.0,    0.828,   0.0653,    0.761
   26.16,  -41.25,   4.0,    0.788,   0.0645,     0.76
   26.21,  -44.73,   4.0,    0.741,   0.0643,    0.758
   26.26,  -48.41,   4.0,    0.686,   0.0648,    0.755
   26.31,  -52.27,   4.0,    0.622,   0.0659,    0.752
   26.36,  -56.23,   4.0,    0.548,   0.0677,    0.748
   26.41,  -60.09,   4.0,    0.464,   0.0704,    0.744
   26.46,  -63.55,   4.0,    0.376,   0.0738,    0.739
   26.56,  -70.29,   4.0,    0.215,   0.0822,    0.728
   26.66,  -71.08,   4.0,   0.0886,   0.0943,    0.715
   26.76,  -71.14,   4.0,   0.0445,    0.107,    0.702
   26.86,  -71.09,   4.0,   0.0309,    0.119,     0.69
   26.96,  -71.03,   4.0,   0.0269,    0.131,    0.678
   27.06,  -70.96,   4.0,   0.0259,    0.143,    0.666
   27.16,  -70.88,   4.0,   0.0257,    0.154,    0.655
   27.26,  -70.80,   4.0,   0.0258,    0.166,    0.644
   27.36,  -70.72,   4.0,   0.0261,    0.177,    0.633
   27.46,  -70.64,   4.0,   0.0263,    0.187,    0.623
   27.56,  -70.54,   4.0,   0.0266,    0.198,    0.613
   27.66,  -70.45,   4.0,   0.0269,    0.208,    0.603
   27.76,  -70.35,   4.0,   0.0272,    0.218,    0.593
   27.86,  -70.25,   4.0,   0.0275,    0.228,    0.584
   27.96,  -70.15,   4.0,   0.0279,    0.237,    0.575
   28.06,  -70.04,   4.0,   0.0282,    0.247,    0.566
   28.16,  -69.92,   4.0,   0.0286,    0.256,    0.558
   28.26,  -69.81,   4.0,    0.029,    0.265,     0.55
   28.36,  -69.69,   4.0,   0.0294,    0.273,    0.542
   28.46,  -69.56,   4.0,   0.0298,    0.282,    0.534
   28.56,  -69.44,   4.0,   0.0303,     0.29,    0.526
   28.66,  -69.31,   4.0,   0.0307,    0.298,    0.519
   28.76,  -69.17,   4.0,   0.0312,    0.305,    0.512
   28.86,  -69.04,   4.0,   0.0317,    0.313,    0.505
   28.96,  -68.90,   4.0,   0.0323,     0.32,    0.499
   29.06,  -68.75,   4.0,   0.0328,    0.327,    0.493
   29.16,  -68.61,   4.0,   0.0334,    0.334,    0.486
   29.26,  -68.46,   4.0,    0.034,    0.341,    0.481
   29.36,  -68.30,   4.0,   0.0346,    0.347,    0.475
   29.46,  -68.15,   4.0,   0.0352,    0.353,    0.469
   29.56,  -67.99,   4.0,   0.0359,     0.36,    0.464
   29.66,  -67.83,   4.0,   0.0366,    0.365,    0.459
   29.76,  -67.67,   4.0,   0.0373,    0.371,    0.454
   29.86,  -67.51,   4.0,    0.038,    0.377,    0.449
   29.96,  -67.34,   4.0,   0.0387,    0.382,    0.445
   30.06,  -67.17,   4.0,   0.0395,    0.387,    0.441
   30.16,  -67.00,   4.0,   0.0403,    0.392,    0.436
   30.26,  -66.83,   4.0,   0.0411,    0.397,    0.432
   30.36,  -66.66,   4.0,    0.042,    0.401,    0.429
   30.46,  -66.49,   4.0,   0.0428,    0.406,    0.425
   30.56,  -66.31,   4.0,   0.0437,     0.41,    0.421
   30.66,  -66.14,   4.0,   0.0446,    0.414,    0.418
   30.76,  -65.96,   4.0,   0.0455,    0.418,    0.415
   30.86,  -65.78,   4.0,   0.0465,    0.421,    0.412
   30.96,  -65.61,   4.0,   0.0475,    0.425,    0.409
   31.06,  -65.43,   4.0,   0.0485,    0.428,    0.406
   31.16,  -65.25,   4.0,   0.0495,    0.431,    0.404
   31.26,  -65.07,   4.0,   0.0505,    0.434,    0.401
   31.36,  -64.89,   4.0,   0.0516,    0.437,    0.399
   31.46,  -64.71,   4.0,   0.0527,     0.44,    0.397
   31.56,  -64.53,   4.0,   0.0538,    0.443,    0.395
   31.66,  -64.35,   4.0,   0.0549,    0.445,    0.393
   31.76,  -64.17,   4.0,   0.0561,    0.447,    0.391
   31.86,  -63.99,   4.0,   0.0573,    0.449,    0.389
   31.96,  -63.81,   4.0,   0.0585,    0.451,    0.388
   32.06,  -63.63,   4.0,   0.0597,    0.453,    0.386
   32.16,  -63.44,   4.0,    0.061,    0.455,    0.385
   32.26,  -63.26,   4.0,   0.0623,    0.456,    0.384
   32.36,  -63.08,   4.0,   0.0636,    0.458,    0.383
   32.46,  -62.90,   4.0,   0.0649,    0.459,    0.382
   32.56,  -62.72,   4.0,   0.0662,     0.46,    0.381
   32.66,  -62.54,   4.0,   0.0676,    0.461,     0.38
   32.76,  -62.35,   4.0,    0.069,    0.462,    0.379
   32.86,  -62.17,   4.0,   0.0705,    0.463,    0.379
   32.96,  -61.99,   4.0,   0.0719,    0.463,    0.378
   33.06,  -61.80,   4.0,   0.0734,    0.464,    0.378
   33.16,  -61.62,   4.0,   0.0749,    0.464,    0.378
   33.26,  -61.43,   4.0,   0.0765,    0.464,    0.377
   33.36,  -61.24,   4.0,   0.0781,    0.464,    0.377
   33.46,  -61.05,   4.0,   0.0797,    0.464,    0.377
   33.56,  -60.86,   4.0,   0.0814,    0.464,    0.377
   33.66,  -60.66,   4.0,   0.0831,    0.464,    0.378
   33.76,  -60.47,   4.0,   0.0849,    0.463,    0.378
   33.86,  -60.27,   4.0,   0.0867,    0.463,    0.378
   33.96,  -60.07,   4.0,   0.0886,    0.462,    0.379
   34.06,  -59.86,   4.0,   0.0906,    0.461,    0.379
   34.16,  -59.65,   4.0,   0.0926,     0.46,     0.38
   34.26,  -59.43,   4.0,   0.0947,    0.459,     0.38
   34.36,  -59.21,   4.0,   0.0968,    0.458,    0.381
   34.46,  -58.98,   4.0,   0.0991,    0.457,    0.382
   34.56,  -58.74,   4.0,    0.102,    0.455,    0.383
   34.66,  -58.48,   4.0,    0.104,    0.454,    0.384
   34.76,  -58.22,   4.0,    0.107,    0.452,    0.385
   34.86,  -57.94,   4.0,     0.11,     0.45,    0.386
   34.96,  -57.65,   4.0,    0.113,    0.448,    0.387
   35.06,  -57.33,   4.0,    0.116,    0.446,    0.389
   35.16,  -56.98,   4.0,    0.119,    0.443,     0.39
   35.26,  -56.60,   4.0,    0.123,     0.44,    0.392
   35.36,  -56.18,   4.0,    0.128,    0.437,    0.394
   35.46,  -55.70,   4.0,    0.133,    0.434,    0.396
   35.56,  -55.15,   4.0,    0.138,    0.431,    0.398
   35.66,  -54.50,   4.0,    0.145,    0.427,      0.4
   35.76,  -53.72,   4.0,    0.152,    0.422,    0.403
   35.86,  -52.74,   4.0,    0.162,    0.417,    0.406
   35.96,  -51.46,   4.0,    0.174,    0.412,    0.409
   36.06,  -49.72,   4.0,     0.19,    0.405,    0.413
   36.16,  -47.17,   4.0,    0.211,    0.397,    0.418
   36.26,  -43.11,   4.0,    0.242,    0.386,    0.424
   36.36,  -35.80,   4.0,    0.293,     0.37,    0.433
   36.41,  -30.79,   4.0,    0.339,    0.358,     0.44
   36.46,  -23.01,   4.0,    0.397,    0.342,    0.448
   36.49,  -18.59,   4.0,    0.438,    0.333,    0.454
   36.51,  -13.06,   4.0,    0.483,    0.322,     0.46
   36.54,   -6.37,   4.0,    0.533,    0.312,    0.468
   36.55,   -3.10,   4.0,    0.562,    0.306,    0.472
   36.56,    0.41,   4.0,    0.591,    0.301,    0.477
   36.58,    4.10,   4.0,    0.621,    0.295,    0.481
   36.59,    7.90,   4.0,    0.651,     0.29,    0.487
   36.60,   11.70,   4.0,    0.681,    0.285,    0.492
   36.61,   15.41,   4.0,    0.711,     0.28,    0.498
   36.63,   18.91,   4.0,     0.74,    0.274,    0.504
   36.64,   22.11,   4.0,    0.767,    0.269,    0.511
   36.66,   28.35,   4.0,    0.818,    0.259,    0.524
   36.69,   31.99,   4.0,    0.861,     0.25,    0.538
   36.71,   33.55,   4.0,    0.896,     0.24,    0.552
   36.74,   33.72,   4.0,    0.922,    0.232,    0.566
   36.76,   33.07,   4.0,    0.942,    0.223,     0.58
   36.79,   31.94,   4.0,    0.956,    0.215,    0.593
   36.81,   30.53,   4.0,    0.967,    0.207,    0.605
   36.84,   28.92,   4.0,    0.974,    0.199,    0.617
   36.86,   27.18,   4.0,     0.98,    0.192,    0.628
   36.89,   25.34,   4.0,    0.984,    0.185,    0.638
   36.91,   23.42,   4.0,    0.987,    0.178,    0.648
   36.94,   21.45,   4.0,    0.989,    0.171,    0.658
   36.96,   19.44,   4.0,     0.99,    0.165,    0.666
   36.99,   17.41,   4.0,    0.991,    0.159,    0.675
   37.01,   15.36,   4.0,    0.991,    0.153,    0.682
   37.04,   13.31,   4.0,    0.991,    0.147,    0.689
   37.06,   11.25,   4.0,    0.991,    0.142,    0.696
   37.09,    9.21,   4.0,    0.991,    0.137,    0.702
   37.11,    7.18,   4.0,     0.99,    0.132,    0.708
   37.14,    5.17,   4.0,    0.989,    0.127,    0.714
   37.16,    3.18,   4.0,    0.988,    0.122,    0.719
   37.19,    1.21,   4.0,    0.987,    0.118,    0.723
   37.21,   -0.73,   4.0,    0.985,    0.114,    0.728
   37.24,   -2.64,   4.0,    0.983,     0.11,    0.732
   37.26,   -4.53,   4.0,    0.981,    0.106,    0.735
   37.29,   -6.39,   4.0,    0.979,    0.102,    0.739
   37.31,   -8.22,   4.0,    0.976,   0.0989,    0.742
   37.34,  -10.02,   4.0,    0.973,   0.0956,    0.745
   37.36,  -11.79,   4.0,    0.969,   0.0925,    0.747
   37.39,  -13.53,   4.0,    0.965,   0.0895,     0.75
   37.41,  -15.25,   4.0,    0.961,   0.0867,    0.752
   37.44,  -16.94,   4.0,    0.956,   0.0841,    0.754
   37.46,  -18.61,   4.0,     0.95,   0.0816,    0.755
   37.49,  -20.25,   4.0,    0.944,   0.0793,    0.757
   37.51,  -21.87,   4.0,    0.937,   0.0771,    0.758
   37.54,  -23.46,   4.0,     0.93,   0.0752,    0.759
   37.59,  -28.04,   4.0,    0.913,   0.0715,    0.761
   37.64,  -31.31,   4.0,     0.89,   0.0688,    0.761
   37.69,  -34.50,   4.0,    0.863,   0.0666,    0.761
   37.74,  -37.73,   4.0,     0.83,   0.0652,    0.761
   37.79,  -41.06,   4.0,     0.79,   0.0643,     0.76
   37.84,  -44.53,   4.0,    0.744,   0.0641,    0.758
   37.89,  -48.18,   4.0,     0.69,   0.0645,    0.755
   37.94,  -52.03,   4.0,    0.626,   0.0656,    0.752
   37.99,  -55.98,   4.0,    0.552,   0.0674,    0.748
   38.04,  -59.85,   4.0,     0.47,     0.07,    0.744
   38.09,  -63.35,   4.0,    0.381,   0.0733,    0.739
   38.19,  -70.22,   4.0,     0.22,   0.0816,    0.728
   38.29,  -71.07,   4.0,   0.0907,   0.0938,    0.715
   38.39,  -71.14,   4.0,   0.0451,    0.106,    0.702
   38.49,  -71.09,   4.0,   0.0311,    0.119,     0.69
   38.59,  -71.03,   4.0,    0.027,    0.131,    0.678
   38.69,  -70.96,   4.0,   0.0259,    0.142,    0.666
   38.79,  -70.88,   4.0,   0.0257,    0.154,    0.655
   38.89,  -70.80,   4.0,   0.0259,    0.165,    0.644
   38.99,  -70.72,   4.0,   0.0261,    0.176,    0.633
   39.09,  -70.63,   4.0,   0.0263,    0.187,    0.623
   39.19,  -70.54,   4.0,   0.0266,    0.197,    0.612
   39.29,  -70.45,   4.0,   0.0269,    0.208,    0.603
   39.39,  -70.35,   4.0,   0.0272,    0.218,    0.593
   39.49,  -70.25,   4.0,   0.0275,    0.227,    0.584
   39.59,  -70.15,   4.0,   0.0279,    0.237,    0.575
   39.69,  -70.04,   4.0,   0.0282,    0.246,    0.566
   39.79,  -69.92,   4.0,   0.0286,    0.255,    0.558
   39.89,  -69.81,   4.0,    0.029,    0.264,    0.549
   39.99,  -69.69,   4.0,   0.0294,    0.273,    0.541
   40.09,  -69.56,   4.0,   0.0298,    0.281,    0.534
   40.19,  -69.44,   4.0,   0.0303,    0.289,    0.526
   40.29,  -69.31,   4.0,   0.0307,    0.297,    0.519
   40.39,  -69.17,   4.0,   0.0312,    0.305,    0.512
   40.49,  -69.03,   4.0,   0.0317,    0.312,    0.505
   40.59,  -68.89,   4.0,   0.0323,     0.32,    0.499
   40.69,  -68.75,   4.0,   0.0328,    0.327,    0.493
   40.79,  -68.60,   4.0,   0.0334,    0.334,    0.486
   40.89,  -68.45,   4.0,    0.034,     0.34,    0.481
   40.99,  -68.30,   4.0,   0.0346,    0.347,    0.475
   41.09,  -68.15,   4.0,   0.0352,    0.353,    0.469
   41.19,  -67.99,   4.0,   0.0359,    0.359,    0.464
   41.29,  -67.83,   4.0,   0.0366,    0.365,    0.459
   41.39,  -67.67,   4.0,   0.0373,    0.371,    0.454
   41.49,  -67.51,   4.0,    0.038,    0.376,    0.449
   41.59,  -67.34,   4.0,   0.0387,    0.382,    0.445
   41.69,  -67.17,   4.0,   0.0395,    0.387,    0.441
   41.79,  -67.00,   4.0,   0.0403,    0.392,    0.436
   41.89,  -66.83,   4.0,   0.0411,    0.396,    0.432
   41.99,  -66.66,   4.0,    0.042,    0.401,    0.429
   42.09,  -66.49,   4.0,   0.0428,    0.405,    0.425
   42.19,  -66.31,   4.0,   0.0437,    0.409,    0.421
   42.29,  -66.14,   4.0,   0.0446,    0.413,    0.418
   42.39,  -65.96,   4.0,   0.0455,    0.417,    0.415
   42.49,  -65.78,   4.0,   0.0465,    0.421,    0.412
   42.59,  -65.61,   4.0,   0.0475,    0.425,    0.409
   42.69,  -65.43,   4.0,   0.0485,    0.428,    0.406
   42.79,  -65.25,   4.0,   0.0495,    0.431,    0.404
   42.89,  -65.07,   4.0,   0.0505,    0.434,    0.401
   42.99,  -64.89,   4.0,   0.0516,    0.437,    0.399
   43.09,  -64.71,   4.0,   0.0527,     0.44,    0.397
   43.19,  -64.53,   4.0,   0.0538,    0.442,    0.395
   43.29,  -64.35,   4.0,    0.055,    0.445,    0.393
   43.39,  -64.17,   4.0,   0.0561,    0.447,    0.391
   43.49,  -63.99,   4.0,   0.0573,    0.449,    0.389
   43.59,  -63.81,   4.0,   0.0585,    0.451,    0.388
   43.69,  -63.62,   4.0,   0.0597,    0.453,    0.386
   43.79,  -63.44,   4.0,    0.061,    0.455,    0.385
   43.89,  -63.26,   4.0,   0.0623,    0.456,    0.384
   43.99,  -63.08,   4.0,   0.0636,    0.458,    0.383
   44.09,  -62.90,   4.0,   0.0649,    0.459,    0.382
   44.19,  -62.72,   4.0,   0.0662,     0.46,    0.381
   44.29,  -62.53,   4.0,   0.0676,    0.461,     0.38
   44.39,  -62.35,   4.0,    0.069,    0.462,    0.379
   44.49,  -62.17,   4.0,   0.0705,    0.463,    0.379
   44.59,  -61.99,   4.0,   0.0719,    0.463,    0.378
   44.69,  -61.80,   4.0,   0.0734,    0.464,    0.378
   44.79,  -61.61,   4.0,   0.0749,    0.464,    0.378
   44.89,  -61.43,   4.0,   0.0765,    0.464,    0.377
   44.99,  -61.24,   4.0,   0.0781,    0.464,    0.377
   45.09,  -61.05,   4.0,   0.0797,    0.464,    0.377
   45.19,  -60.86,   4.0,   0.0814,    0.464,    0.377
   45.29,  -60.66,   4.0,   0.0831,    0.464,    0.378
   45.39,  -60.47,   4.0,   0.0849,    0.463,    0.378
   45.49,  -60.27,   4.0,   0.0867,    0.463,    0.378
   45.59,  -60.07,   4.0,   0.0886,    0.462,    0.379
   45.69,  -59.86,   4.0,   0.0906,    0.461,    0.379
   45.79,  -59.65,   4.0,   0.0926,     0.46,     0.38
   45.89,  -59.43,   4.0,   0.0947,    0.459,     0.38
   45.99,  -59.21,   4.0,   0.0968,    0.458,    0.381
   46.09,  -58.98,   4.0,   0.0991,    0.457,    0.382
   46.19,  -58.74,   4.0,    0.102,    0.455,    0.383
   46.29,  -58.49,   4.0,    0.104,    0.454,    0.384
   46.39,  -58.22,   4.0,    0.107,    0.452,    0.385
   46.49,  -57.95,   4.0,     0.11,     0.45,    0.386
   46.59,  -57.65,   4.0,    0.113,    0.448,    0.387
   46.69,  -57.33,   4.0,    0.116,    0.445,    0.389
   46.79,  -56.99,   4.0,    0.119,    0.443,     0.39
   46.89,  -56.61,   4.0,    0.123,     0.44,    0.392
   46.99,  -56.19,   4.0,    0.128,    0.437,    0.394
   47.09,  -55.71,   4.0,    0.133,    0.434,    0.396
   47.19,  -55.16,   4.0,    0.138,    0.431,    0.398
   47.29,  -54.51,   4.0,    0.145,    0.427,      0.4
   47.39,  -53.73,   4.0,    0.152,    0.422,    0.403
   47.49,  -52.75,   4.0,    0.162,    0.417,    0.406
   47.59,  -51.48,   4.0,    0.174,    0.412,    0.409
   47.69,  -49.75,   4.0,    0.189,    0.405,    0.413
   47.79,  -47.22,   4.0,    0.211,    0.397,    0.418
   47.89,  -43.20,   4.0,    0.242,    0.386,    0.424
   47.99,  -35.96,   4.0,    0.292,     0.37,    0.433
   48.04,  -31.01,   4.0,    0.337,    0.358,    0.439
   48.09,  -23.34,   4.0,    0.395,    0.343,    0.448
   48.11,  -18.97,   4.0,    0.435,    0.333,    0.453
   48.14,  -13.51,   4.0,     0.48,    0.323,     0.46
   48.16,   -6.89,   4.0,     0.53,    0.312,    0.467
   48.18,   -3.64,   4.0,    0.558,    0.307,    0.471
   48.19,   -0.15,   4.0,    0.587,    0.301,    0.476
   48.20,    3.53,   4.0,    0.617,    0.296,    0.481
   48.21,    7.32,   4.0,    0.647,    0.291,    0.486
   48.23,   11.13,   4.0,    0.677,    0.285,    0.492
   48.24,   14.86,   4.0,    0.707,     0.28,    0.497
   48.25,   18.40,   4.0,    0.736,    0.275,    0.504
   48.26,   21.66,   4.0,    0.764,     0.27,     0.51
   48.28,   24.54,   4.0,     0.79,    0.265,    0.517
   48.30,   29.91,   4.0,    0.837,    0.255,     0.53
   48.33,   32.72,   4.0,    0.877,    0.246,    0.544
   48.35,   33.68,   4.0,    0.908,    0.236,    0.558
   48.38,   33.47,   4.0,    0.931,    0.228,    0.572
   48.40,   32.60,   4.0,    0.948,    0.219,    0.586
   48.43,   31.34,   4.0,    0.961,    0.211,    0.598
   48.45,   29.84,   4.0,     0.97,    0.203,     0.61
   48.48,   28.17,   4.0,    0.977,    0.196,    0.622
   48.50,   26.39,   4.0,    0.982,    0.189,    0.633
   48.53,   24.51,   4.0,    0.985,    0.182,    0.643
   48.55,   22.57,   4.0,    0.988,    0.175,    0.652
   48.58,   20.58,   4.0,    0.989,    0.168,    0.661
   48.60,   18.56,   4.0,     0.99,    0.162,     0.67
   48.63,   16.52,   4.0,    0.991,    0.156,    0.678
   48.65,   14.47,   4.0,    0.991,     0.15,    0.685
   48.68,   12.41,   4.0,    0.991,    0.145,    0.692
   48.70,   10.37,   4.0,    0.991,     0.14,    0.699
   48.73,    8.33,   4.0,     0.99,    0.135,    0.705
   48.75,    6.30,   4.0,     0.99,     0.13,    0.711
   48.78,    4.30,   4.0,    0.989,    0.125,    0.716
   48.80,    2.32,   4.0,    0.988,    0.121,    0.721
   48.83,    0.36,   4.0,    0.986,    0.116,    0.725
   48.85,   -1.57,   4.0,    0.984,    0.112,    0.729
   48.88,   -3.47,   4.0,    0.982,    0.108,    0.733
   48.90,   -5.34,   4.0,     0.98,    0.104,    0.737
   48.93,   -7.19,   4.0,    0.978,    0.101,     0.74
   48.95,   -9.01,   4.0,    0.975,   0.0974,    0.743
   48.98,  -10.79,   4.0,    0.971,   0.0942,    0.746
   49.00,  -12.55,   4.0,    0.968,   0.0911,    0.748
   49.03,  -14.29,   4.0,    0.963,   0.0882,    0.751
   49.05,  -15.99,   4.0,    0.959,   0.0855,    0.753
   49.08,  -17.67,   4.0,    0.953,    0.083,    0.754
   49.10,  -19.33,   4.0,    0.948,   0.0806,    0.756
   49.13,  -20.96,   4.0,    0.941,   0.0783,    0.757
   49.15,  -22.57,   4.0,    0.934,   0.0762,    0.758
   49.18,  -24.15,   4.0,    0.926,   0.0743,    0.759
   49.23,  -28.70,   4.0,    0.909,   0.0708,    0.761
   49.28,  -31.97,   4.0,    0.885,   0.0682,    0.762
   49.33,  -35.17,   4.0,    0.856,   0.0662,    0.761
   49.38,  -38.42,   4.0,    0.822,   0.0649,    0.761
   49.43,  -41.77,   4.0,    0.782,   0.0641,    0.759
   49.48,  -45.28,   4.0,    0.734,   0.0641,    0.757
   49.53,  -48.98,   4.0,    0.677,   0.0646,    0.754
   49.58,  -52.86,   4.0,    0.611,   0.0659,    0.751
   49.63,  -56.81,   4.0,    0.536,   0.0678,    0.747
   49.68,  -60.63,   4.0,    0.451,   0.0705,    0.743
   49.73,  -64.00,   4.0,    0.363,   0.0741,    0.737
   49.83,  -70.38,   4.0,    0.204,   0.0827,    0.726
   49.93,  -71.08,   4.0,   0.0845,   0.0949,    0.713
   50.03,  -71.13,   4.0,   0.0432,    0.107,    0.701
   50.13,  -71.09,   4.0,   0.0305,     0.12,    0.689
   50.23,  -71.02,   4.0,   0.0269,    0.132,    0.677
   50.33,  -70.95,   4.0,   0.0259,    0.143,    0.665
   50.43,  -70.88,   4.0,   0.0257,    0.155,    0.654
   50.53,  -70.80,   4.0,   0.0259,    0.166,    0.643
   50.63,  -70.71,   4.0,   0.0261,    0.177,    0.632
   50.73,  -70.63,   4.0,   0.0263,    0.188,    0.622
   50.83,  -70.53,   4.0,   0.0266,    0.198,    0.611
   50.93,  -70.44,   4.0,   0.0269,    0.209,    0.602
   51.03,  -70.34,   4.0,   0.0272,    0.219,    0.592
   51.13,  -70.24,   4.0,   0.0276,    0.228,    0.583
   51.23,  -70.13,   4.0,   0.0279,    0.238,    0.574
   51.33,  -70.02,   4.0,   0.0283,    0.247,    0.565
   51.43,  -69.91,   4.0,   0.0286,    0.256,    0.557
   51.53,  -69.80,   4.0,    0.029,    0.265,    0.549
   51.63,  -69.67,   4.0,   0.0294,    0.274,    0.541
   51.73,  -69.55,   4.0,   0.0299,    0.282,    0.533
   51.83,  -69.42,   4.0,   0.0303,     0.29,    0.526
   51.93,  -69.29,   4.0,   0.0308,    0.298,    0.518
   52.03,  -69.16,   4.0,   0.0313,    0.306,    0.511
   52.13,  -69.02,   4.0,   0.0318,    0.313,    0.505
   52.23,  -68.88,   4.0,   0.0323,     0.32,    0.498
   52.33,  -68.74,   4.0,   0.0329,    0.327,    0.492
   52.43,  -68.59,   4.0,   0.0334,    0.334,    0.486
   52.53,  -68.44,   4.0,    0.034,    0.341,     0.48
   52.63,  -68.29,   4.0,   0.0347,    0.347,    0.474
   52.73,  -68.13,   4.0,   0.0353,    0.354,    0.469
   52.83,  -67.97,   4.0,    0.036,     0.36,    0.464
   52.93,  -67.81,   4.0,   0.0366,    0.366,    0.458
   53.03,  -67.65,   4.0,   0.0373,    0.371,    0.454
   53.13,  -67.49,   4.0,   0.0381,    0.377,    0.449
   53.23,  -67.32,   4.0,   0.0388,    0.382,    0.444
   53.33,  -67.16,   4.0,   0.0396,    0.387,     0.44
   53.43,  -66.99,   4.0,   0.0404,    0.392,    0.436
   53.53,  -66.82,   4.0,   0.0412,    0.397,    0.432
   53.63,  -66.64,   4.0,    0.042,    0.401,    0.428
   53.73,  -66.47,   4.0,   0.0429,    0.406,    0.425
   53.83,  -66.29,   4.0,   0.0438,     0.41,    0.421
   53.93,  -66.12,   4.0,   0.0447,    0.414,    0.418
   54.03,  -65.94,   4.0,   0.0456,    0.418,    0.415
   54.13,  -65.77,   4.0,   0.0466,    0.421,    0.412
   54.23,  -65.59,   4.0,   0.0476,    0.425,    0.409
   54.33,  -65.41,   4.0,   0.0486,    0.428,    0.406
   54.43,  -65.23,   4.0,   0.0496,    0.431,    0.403
   54.53,  -65.05,   4.0,   0.0507,    0.434,    0.401
   54.63,  -64.87,   4.0,   0.0517,    0.437,    0.399
   54.73,  -64.69,   4.0,   0.0528,     0.44,    0.397
   54.83,  -64.51,   4.0,   0.0539,    0.443,    0.394
   54.93,  -64.33,   4.0,   0.0551,    0.445,    0.393
   55.03,  -64.15,   4.0,   0.0562,    0.447,    0.391
   55.13,  -63.97,   4.0,   0.0574,    0.449,    0.389
   55.23,  -63.79,   4.0,   0.0586,    0.451,    0.388
   55.33,  -63.61,   4.0,   0.0599,    0.453,    0.386
   55.43,  -63.43,   4.0,   0.0611,    0.455,    0.385
   55.53,  -63.24,   4.0,   0.0624,    0.456,    0.384
   55.63,  -63.06,   4.0,   0.0637,    0.458,    0.383
   55.73,  -62.88,   4.0,    0.065,    0.459,    0.382
   55.83,  -62.70,   4.0,   0.0664,     0.46,    0.381
   55.93,  -62.52,   4.0,   0.0678,    0.461,     0.38
   56.03,  -62.33,   4.0,   0.0692,    0.462,    0.379
   56.13,  -62.15,   4.0,   0.0706,    0.463,    0.379
   56.23,  -61.97,   4.0,   0.0721,    0.463,    0.378
   56.33,  -61.78,   4.0,   0.0736,    0.464,    0.378
   56.43,  -61.60,   4.0,   0.0751,    0.464,    0.378
   56.53,  -61.41,   4.0,   0.0767,    0.464,    0.377
   56.63,  -61.22,   4.0,   0.0783,    0.464,    0.377
   56.73,  -61.03,   4.0,   0.0799,    0.464,    0.377
   56.83,  -60.84,   4.0,   0.0816,    0.464,    0.377
   56.93,  -60.64,   4.0,   0.0833,    0.464,    0.378
   57.03,  -60.45,   4.0,   0.0851,    0.463,    0.378
   57.13,  -60.25,   4.0,   0.0869,    0.463,    0.378
   57.23,  -60.05,   4.0,   0.0888,    0.462,    0.379
   57.33,  -59.84,   4.0,   0.0908,    0.461,    0.379
   57.43,  -59.63,   4.0,   0.0928,     0.46,     0.38
   57.53,  -59.41,   4.0,   0.0949,    0.459,     0.38
   57.63,  -59.18,   4.0,   0.0971,    0.458,    0.381
   57.73,  -58.95,   4.0,   0.0993,    0.457,    0.382
   57.83,  -58.71,   4.0,    0.102,    0.455,    0.383
   57.93,  -58.46,   4.0,    0.104,    0.453,    0.384
   58.03,  -58.20,   4.0,    0.107,    0.452,    0.385
   58.13,  -57.92,   4.0,     0.11,     0.45,    0.386
   58.23,  -57.62,   4.0,    0.113,    0.448,    0.387
   58.33,  -57.30,   4.0,    0.116,    0.445,    0.389
   58.43,  -56.95,   4.0,     0.12,    0.443,     0.39
   58.53,  -56.57,   4.0,    0.124,     0.44,    0.392
   58.63,  -56.14,   4.0,    0.128,    0.437,    0.394
   58.73,  -55.66,   4.0,    0.133,    0.434,    0.396
   58.83,  -55.10,   4.0,    0.139,     0.43,    0.398
   58.93,  -54.44,   4.0,    0.145,    0.426,      0.4
   59.03,  -53.64,   4.0,    0.153,    0.422,    0.403
   59.13,  -52.64,   4.0,    0.163,    0.417,    0.406
   59.23,  -51.34,   4.0,    0.175,    0.411,    0.409
   59.33,  -49.55,   4.0,    0.191,    0.404,    0.413
   59.43,  -46.91,   4.0,    0.213,    0.396,    0.418
   59.53,  -42.67,   4.0,    0.246,    0.384,    0.425
   59.63,  -34.95,   4.0,    0.298,    0.368,    0.434
   59.68,  -29.62,   4.0,    0.347,    0.355,    0.441
   59.73,  -21.31,   4.0,    0.408,    0.339,     0.45
   59.75,  -16.61,   4.0,    0.451,    0.329,    0.456
   59.78,  -10.75,   4.0,    0.499,    0.319,    0.462
   59.80,   -3.73,   4.0,    0.552,    0.308,     0.47
   59.81,   -0.35,   4.0,    0.581,    0.303,    0.475
   59.83,    3.24,   4.0,    0.611,    0.297,     0.48
   59.84,    6.97,   4.0,    0.641,    0.292,    0.485
   59.85,   10.74,   4.0,    0.672,    0.287,     0.49
   59.86,   14.46,   4.0,    0.702,    0.281,    0.496
   59.88,   18.01,   4.0,    0.731,    0.276,    0.502
   59.89,   21.29,   4.0,    0.759,    0.271,    0.509
   59.90,   24.22,   4.0,    0.786,    0.266,    0.515
   59.93,   29.72,   4.0,    0.834,    0.256,    0.529
   59.95,   32.66,   4.0,    0.874,    0.247,    0.543
   59.98,   33.71,   4.0,    0.906,    0.237,    0.557
   60.00,   33.56,   4.0,     0.93,    0.229,    0.571
   60.03,   32.73,   4.0,    0.947,     0.22,    0.584
   60.05,   31.49,   4.0,     0.96,    0.212,    0.597
   60.08,   30.00,   4.0,     0.97,    0.204,    0.609
   60.10,   28.34,   4.0,    0.976,    0.197,    0.621
   60.13,   26.57,   4.0,    0.981,    0.189,    0.632
   60.15,   24.70,   4.0,    0.985,    0.182,    0.642
   60.18,   22.76,   4.0,    0.987,    0.176,    0.652
   60.20,   20.78,   4.0,    0.989,    0.169,    0.661
   60.23,   18.76,   4.0,     0.99,    0.163,    0.669
   60.25,   16.72,   4.0,    0.991,    0.157,    0.677
   60.28,   14.67,   4.0,    0.991,    0.151,    0.685
   60.30,   12.61,   4.0,    0.991,    0.146,    0.692
   60.33,   10.56,   4.0,    0.991,     0.14,    0.698
   60.35,    8.52,   4.0,    0.991,    0.135,    0.704
   60.38,    6.50,   4.0,     0.99,     0.13,     0.71
   60.40,    4.50,   4.0,    0.989,    0.126,    0.715
   60.43,    2.51,   4.0,    0.988,    0.121,     0.72
   60.45,    0.55,   4.0,    0.986,    0.117,    0.725
   60.48,   -1.38,   4.0,    0.985,    0.113,    0.729
   60.50,   -3.28,   4.0,    0.983,    0.109,    0.733
   60.53,   -5.16,   4.0,     0.98,    0.105,    0.737
   60.55,   -7.01,   4.0,    0.978,    0.101,     0.74
   60.58,   -8.83,   4.0,    0.975,   0.0978,    0.743
   60.60,  -10.62,   4.0,    0.972,   0.0946,    0.746
   60.63,  -12.38,   4.0,    0.968,   0.0915,    0.748
   60.65,  -14.11,   4.0,    0.964,   0.0886,    0.751
   60.68,  -15.82,   4.0,    0.959,   0.0858,    0.753
   60.70,  -17.50,   4.0,    0.954,   0.0832,    0.754
   60.73,  -19.16,   4.0,    0.948,   0.0808,    0.756
   60.75,  -20.79,   4.0,    0.942,   0.0786,    0.757
   60.78,  -22.41,   4.0,    0.935,   0.0765,    0.758
   60.80,  -24.00,   4.0,    0.927,   0.0745,    0.759
   60.85,  -28.75,   0.0,     0.91,    0.071,    0.761
   60.90,  -32.06,   0.0,    0.886,   0.0684,    0.762
   60.95,  -35.29,   0.0,    0.857,   0.0664,    0.761
   61.00,  -38.58,   0.0,    0.822,   0.0651,    0.761
   61.05,  -41.98,   0.0,    0.781,   0.0644,    0.759
   61.10,  -45.55,   0.0,    0.732,   0.0643,    0.757
   61.15,  -49.32,   0.0,    0.675,   0.0649,    0.754
   61.20,  -53.28,   0.0,    0.608,   0.0662,    0.751
   61.25,  -57.31,   0.0,     0.53,   0.0683,    0.747
   61.30,  -61.19,   0.0,    0.444,   0.0711,    0.742
   61.35,  -64.59,   0.0,    0.354,   0.0748,    0.737
   61.45,  -70.87,   0.0,    0.194,   0.0837,    0.726
   61.55,  -71.52,   0.0,   0.0778,   0.0962,    0.713
   61.65,  -71.58,   0.0,   0.0396,    0.109,      0.7
   61.75,  -71.56,   0.0,   0.0283,    0.121,    0.688
   61.85,  -71.53,   0.0,   0.0251,    0.134,    0.676
   61.95,  -71.49,   0.0,   0.0242,    0.146,    0.664
   62.05,  -71.45,   0.0,   0.0241,    0.158,    0.652
   62.15,  -71.40,   0.0,   0.0241,    0.169,    0.641
   62.25,  -71.36,   0.0,   0.0242,     0.18,     0.63
   62.35,  -71.31,   0.0,   0.0244,    0.192,     0.62
   62.45,  -71.26,   0.0,   0.0245,    0.202,     0.61
   62.55,  -71.20,   0.0,   0.0247,    0.213,      0.6
   62.65,  -71.15,   0.0,   0.0248,    0.223,     0.59
   62.75,  -71.09,   0.0,    0.025,    0.234,     0.58
   62.85,  -71.03,   0.0,   0.0252,    0.244,    0.571
   62.95,  -70.97,   0.0,   0.0254,    0.253,    0.562
   63.05,  -70.90,   0.0,   0.0255,    0.263,    0.554
   63.15,  -70.84,   0.0,   0.0257,    0.272,    0.545
   63.25,  -70.77,   0.0,    0.026,    0.281,    0.537
   63.35,  -70.70,   0.0,   0.0262,     0.29,    0.529
   63.45,  -70.62,   0.0,   0.0264,    0.299,    0.522
   63.55,  -70.55,   0.0,   0.0266,    0.307,    0.514
   63.65,  -70.47,   0.0,   0.0269,    0.316,    0.507
   63.75,  -70.39,   0.0,   0.0271,    0.324,      0.5
   63.85,  -70.31,   0.0,   0.0274,    0.332,    0.493
   63.95,  -70.22,   0.0,   0.0277,    0.339,    0.486
   64.05,  -70.14,   0.0,    0.028,    0.347,     0.48
   64.15,  -70.05,   0.0,   0.0283,    0.354,    0.474
   64.25,  -69.96,   0.0,   0.0286,    0.361,    0.468
   64.35,  -69.87,   0.0,   0.0289,    0.368,    0.462
   64.45,  -69.78,   0.0,   0.0292,    0.375,    0.456
   64.55,  -69.68,   0.0,   0.0295,    0.382,    0.451
   64.65,  -69.58,   0.0,   0.0299,    0.388,    0.445
   64.75,  -69.48,   0.0,   0.0302,    0.394,     0.44
   64.85,  -69.38,   0.0,   0.0306,      0.4,    0.435
   64.95,  -69.28,   0.0,    0.031,    0.406,     0.43
   65.05,  -69.18,   0.0,   0.0314,    0.412,    0.426
   65.15,  -69.08,   0.0,   0.0318,    0.418,    0.421
   65.25,  -68.97,   0.0,   0.0322,    0.423,    0.417
   65.35,  -68.86,   0.0,   0.0326,    0.429,    0.413
   65.45,  -68.76,   0.0,    0.033,    0.434,    0.409
   65.55,  -68.65,   0.0,   0.0334,    0.439,    0.405
   65.65,  -68.54,   0.0,   0.0339,    0.444,    0.401
   65.75,  -68.43,   0.0,   0.0343,    0.448,    0.398
   65.85,  -68.32,   0.0,   0.0348,    0.453,    0.394
   65.95,  -68.21,   0.0,   0.0353,    0.457,    0.391
   66.05,  -68.09,   0.0,   0.0357,    0.462,    0.388
   66.15,  -67.98,   0.0,   0.0362,    0.466,    0.384
   66.25,  -67.87,   0.0,   0.0367,     0.47,    0.381
   66.35,  -67.75,   0.0,   0.0372,    0.474,    0.379
   66.45,  -67.64,   0.0,   0.0377,    0.477,    0.376
   66.55,  -67.52,   0.0,   0.0383,    0.481,    0.373
   66.65,  -67.41,   0.0,   0.0388,    0.484,    0.371
   66.75,  -67.30,   0.0,   0.0393,    0.488,    0.368
   66.85,  -67.18,   0.0,   0.0399,    0.491,    0.366
   66.95,  -67.07,   0.0,   0.0404,    0.494,    0.364
   67.05,  -66.95,   0.0,    0.041,    0.497,    0.362
   67.15,  -66.84,   0.0,   0.0416,      0.5,     0.36
   67.25,  -66.72,   0.0,   0.0421,    0.503,    0.358
   67.35,  -66.61,   0.0,   0.0427,    0.505,    0.356
   67.45,  -66.49,   0.0,   0.0433,    0.508,    0.355
   67.55,  -66.38,   0.0,   0.0439,     0.51,    0.353
   67.65,  -66.27,   0.0,   0.0445,    0.513,    0.351
   67.75,  -66.15,   0.0,   0.0451,    0.515,     0.35
   67.85,  -66.04,   0.0,   0.0457,    0.517,    0.349
   67.95,  -65.93,   0.0,   0.0463,    0.519,    0.347
   68.05,  -65.82,   0.0,   0.0469,    0.521,    0.346
   68.15,  -65.70,   0.0,   0.0476,    0.523,    0.345
   68.25,  -65.59,   0.0,   0.0482,    0.524,    0.344
   68.35,  -65.48,   0.0,   0.0488,    0.526,    0.343
   68.45,  -65.37,   0.0,   0.0495,    0.528,    0.342
   68.55,  -65.26,   0.0,   0.0501,    0.529,    0.341
