#time (msec), membrane voltage (mV), stimulus level (nA), m, h, n
    0.10,  -61.85,   0.0,   0.0774,    0.497,    0.365
    0.20,  -61.92,   0.0,   0.0768,    0.497,    0.365
    0.30,  -62.00,   0.0,   0.0762,    0.497,    0.365
    0.40,  -62.07,   0.0,   0.0756,    0.496,    0.365
    0.50,  -62.15,   0.0,    0.075,    0.496,    0.365
    0.60,  -62.22,   0.0,   0.0743,    0.496,    0.365
    0.70,  -62.30,   0.0,   0.0737,    0.496,    0.365
    0.80,  -62.37,   0.0,   0.0731,    0.496,    0.365
    0.90,  -62.45,   0.0,   0.0724,    0.496,    0.365
    1.00,  -62.52,   0.0,   0.0718,    0.497,    0.364
    1.10,  -62.59,   0.0,   0.0712,    0.497,    0.364
    1.20,  -62.66,   0.0,   0.0706,    0.497,    0.364
    1.30,  -62.73,   0.0,     0.07,    0.497,    0.364
    1.40,  -62.80,   0.0,   0.0695,    0.498,    0.363
    1.50,  -62.86,   0.0,   0.0689,    0.498,    0.363
    1.60,  -62.92,   0.0,   0.0684,    0.498,    0.363
    1.70,  -62.98,   0.0,   0.0679,    0.499,    0.362
    1.80,  -63.03,   0.0,   0.0675,    0.499,    0.362
    1.90,  -63.08,   0.0,    0.067,      0.5,    0.362
    2.00,  -63.13,   0.0,   0.0666,      0.5,    0.361
    2.10,  -63.18,   0.0,   0.0662,    0.501,    0.361
    2.20,  -63.22,   0.0,   0.0658,    0.501,     0.36
    2.30,  -63.26,   0.0,   0.0655,    0.502,     0.36
    2.40,  -63.30,   0.0,   0.0652,    0.502,    0.359
    2.50,  -63.33,   0.0,   0.0649,    0.503,    0.359
    2.60,  -63.36,   0.0,   0.0646,    0.504,    0.359
    2.70,  -63.39,   0.0,   0.0643,    0.504,    0.358
    2.80,  -63.41,   0.0,   0.0641,    0.505,    0.358
    2.90,  -63.43,   0.0,   0.0639,    0.506,    0.357
    3.00,  -63.45,   0.0,   0.0637,    0.506,    0.357
    3.10,  -63.47,   0.0,   0.0636,    0.507,    0.356
    3.20,  -63.48,   0.0,   0.0634,    0.507,    0.356
    3.30,  -63.49,   0.0,   0.0633,    0.508,    0.356
    3.40,  -63.50,   0.0,   0.0632,    0.509,    0.355
    3.50,  -63.51,   0.0,   0.0631,    0.509,    0.355
    3.60,  -63.51,   0.0,   0.0631,     0.51,    0.354
    3.70,  -63.51,   0.0,    0.063,     0.51,    0.354
    3.80,  -63.51,   0.0,    0.063,    0.511,    0.354
    3.90,  -63.51,   0.0,    0.063,    0.512,    0.353
    4.00,  -63.50,   0.0,    0.063,    0.512,    0.353
    4.10,  -63.50,   0.0,    0.063,    0.513,    0.353
    4.20,  -63.49,   0.0,   0.0631,    0.513,    0.352
    4.30,  -63.48,   0.0,   0.0631,    0.514,    0.352
    4.40,  -63.47,   0.0,   0.0632,    0.514,    0.352
    4.50,  -63.45,   0.0,   0.0633,    0.515,    0.351
    4.60,  -63.44,   0.0,   0.0633,    0.515,    0.351
    4.70,  -63.42,   0.0,   0.0634,    0.516,    0.351
    4.80,  -63.40,   0.0,   0.0635,    0.516,    0.351
    4.90,  -63.39,   0.0,   0.0637,    0.517,     0.35
    5.00,  -63.37,   0.0,   0.0638,    0.517,     0.35
    5.10,  -63.35,   0.0,   0.0639,    0.517,     0.35
    5.20,  -63.33,   0.0,   0.0641,    0.518,     0.35
    5.30,  -63.30,   0.0,   0.0642,    0.518,     0.35
    5.40,  -63.28,   0.0,   0.0644,    0.518,    0.349
    5.50,  -63.26,   0.0,   0.0645,    0.519,    0.349
    5.60,  -63.24,   0.0,   0.0647,    0.519,    0.349
    5.70,  -63.21,   0.0,   0.0649,    0.519,    0.349
    5.80,  -63.07,   1.2,    0.065,    0.519,    0.349
    5.90,  -62.93,   1.2,   0.0657,     0.52,    0.349
    6.00,  -62.79,   1.2,   0.0665,     0.52,    0.349
    6.10,  -62.65,   1.2,   0.0675,     0.52,    0.349
    6.20,  -62.52,   1.2,   0.0685,    0.519,    0.349
    6.30,  -62.38,   1.2,   0.0695,    0.519,    0.349
    6.40,  -62.25,   1.2,   0.0706,    0.519,     0.35
    6.50,  -62.12,   1.2,   0.0717,    0.519,     0.35
    6.60,  -61.98,   1.2,   0.0728,    0.518,     0.35
    6.70,  -61.85,   1.2,   0.0739,    0.518,    0.351
    6.80,  -61.72,   1.2,    0.075,    0.517,    0.351
    6.90,  -61.59,   1.2,   0.0761,    0.516,    0.352
    7.00,  -61.46,   1.2,   0.0772,    0.515,    0.352
    7.10,  -61.33,   1.2,   0.0784,    0.515,    0.353
    7.20,  -61.20,   1.2,   0.0795,    0.514,    0.353
    7.30,  -61.07,   1.2,   0.0807,    0.513,    0.354
    7.40,  -60.93,   1.2,   0.0819,    0.512,    0.355
    7.50,  -60.80,   1.2,    0.083,     0.51,    0.356
    7.60,  -60.67,   1.2,   0.0843,    0.509,    0.356
    7.70,  -60.54,   1.2,   0.0855,    0.508,    0.357
    7.80,  -60.41,   1.2,   0.0867,    0.507,    0.358
    7.90,  -60.28,   1.2,    0.088,    0.505,    0.359
    8.00,  -60.14,   1.2,   0.0893,    0.504,     0.36
    8.10,  -60.01,   1.2,   0.0906,    0.502,    0.361
    8.20,  -59.88,   1.2,   0.0919,      0.5,    0.362
    8.30,  -59.74,   1.2,   0.0932,    0.499,    0.363
    8.40,  -59.60,   1.2,   0.0946,    0.497,    0.364
    8.50,  -59.47,   1.2,    0.096,    0.495,    0.365
    8.60,  -59.33,   1.2,   0.0974,    0.493,    0.366
    8.70,  -59.19,   1.2,   0.0989,    0.491,    0.368
    8.80,  -59.04,   1.2,      0.1,    0.489,    0.369
    8.90,  -58.90,   1.2,    0.102,    0.487,     0.37
    9.00,  -58.75,   1.2,    0.103,    0.485,    0.371
    9.10,  -58.59,   1.2,    0.105,    0.483,    0.373
    9.20,  -58.44,   1.2,    0.107,    0.481,    0.374
    9.30,  -58.27,   1.2,    0.109,    0.478,    0.375
    9.40,  -58.11,   1.2,     0.11,    0.476,    0.377
    9.50,  -57.93,   1.2,    0.112,    0.473,    0.378
    9.60,  -57.75,   1.2,    0.114,    0.471,     0.38
    9.70,  -57.56,   1.2,    0.116,    0.468,    0.381
    9.80,  -57.35,   1.2,    0.119,    0.465,    0.383
    9.90,  -57.14,   1.2,    0.121,    0.462,    0.385
   10.00,  -56.90,   1.2,    0.123,    0.459,    0.386
   10.10,  -56.65,   1.2,    0.126,    0.456,    0.388
   10.20,  -56.37,   1.2,    0.129,    0.453,     0.39
   10.30,  -56.06,   1.2,    0.132,    0.449,    0.392
   10.40,  -55.71,   1.2,    0.136,    0.446,    0.394
   10.50,  -55.31,   1.2,     0.14,    0.442,    0.396
   10.60,  -54.83,   1.2,    0.145,    0.438,    0.399
   10.70,  -54.27,   1.2,    0.151,    0.434,    0.401
   10.80,  -53.58,   1.2,    0.158,    0.429,    0.404
   10.90,  -52.70,   1.2,    0.166,    0.424,    0.407
   11.00,  -51.55,   1.2,    0.177,    0.418,     0.41
   11.10,  -49.97,   1.2,    0.191,    0.411,    0.414
   11.20,  -47.65,   1.2,     0.21,    0.402,    0.419
   11.30,  -43.98,   1.2,    0.239,    0.392,    0.425
   11.40,  -37.47,   1.2,    0.284,    0.377,    0.433
   11.50,  -24.04,   1.2,    0.363,    0.354,    0.445
   11.52,  -20.68,   1.2,    0.404,    0.345,    0.451
   11.55,  -16.16,   1.2,    0.449,    0.335,    0.457
   11.57,  -10.40,   1.2,    0.497,    0.324,    0.463
   11.60,   -3.43,   1.2,    0.551,    0.313,    0.471
   11.61,   -0.07,   1.2,    0.581,    0.307,    0.476
   11.62,    3.51,   1.2,    0.611,    0.302,    0.481
   11.64,    7.24,   1.2,    0.642,    0.296,    0.486
   11.65,   11.01,   1.2,    0.672,    0.291,    0.492
   11.66,   14.73,   1.2,    0.702,    0.286,    0.498
   11.67,   18.27,   1.2,    0.732,     0.28,    0.504
   11.69,   21.54,   1.2,     0.76,    0.275,     0.51
   11.70,   24.45,   1.2,    0.786,     0.27,    0.517
   11.72,   29.92,   1.2,    0.835,     0.26,     0.53
   11.75,   32.79,   1.2,    0.875,     0.25,    0.544
   11.77,   33.78,   1.2,    0.906,    0.241,    0.558
   11.80,   33.60,   1.2,     0.93,    0.232,    0.572
   11.82,   32.75,   1.2,    0.948,    0.223,    0.586
   11.85,   31.51,   1.2,    0.961,    0.215,    0.598
   11.87,   30.03,   1.2,     0.97,    0.207,     0.61
   11.90,   28.38,   1.2,    0.977,      0.2,    0.622
   11.92,   26.61,   1.2,    0.982,    0.192,    0.633
   11.95,   24.75,   1.2,    0.985,    0.185,    0.643
   11.98,   22.83,   1.2,    0.988,    0.178,    0.653
   12.00,   20.86,   1.2,    0.989,    0.172,    0.662
   12.03,   18.85,   1.2,     0.99,    0.165,     0.67
   12.05,   16.82,   1.2,    0.991,    0.159,    0.678
   12.08,   14.78,   1.2,    0.991,    0.153,    0.686
   12.10,   12.73,   1.2,    0.991,    0.148,    0.693
   12.13,   10.69,   1.2,    0.991,    0.142,    0.699
   12.15,    8.66,   1.2,    0.991,    0.137,    0.705
   12.18,    6.64,   1.2,     0.99,    0.132,    0.711
   12.20,    4.64,   1.2,    0.989,    0.127,    0.716
   12.23,    2.67,   1.2,    0.988,    0.123,    0.721
   12.25,    0.71,   1.2,    0.986,    0.118,    0.726
   12.28,   -1.22,   1.2,    0.985,    0.114,     0.73
   12.30,   -3.12,   1.2,    0.983,     0.11,    0.734
   12.33,   -4.99,   1.2,    0.981,    0.106,    0.738
   12.35,   -6.84,   1.2,    0.978,    0.103,    0.741
   12.38,   -8.66,   1.2,    0.975,   0.0992,    0.744
   12.40,  -10.45,   1.2,    0.972,   0.0959,    0.747
   12.43,  -12.21,   1.2,    0.968,   0.0928,    0.749
   12.45,  -13.95,   1.2,    0.964,   0.0898,    0.751
   12.48,  -15.66,   1.2,     0.96,    0.087,    0.753
   12.50,  -17.34,   1.2,    0.954,   0.0844,    0.755
   12.53,  -19.00,   1.2,    0.949,    0.082,    0.757
   12.55,  -20.63,   1.2,    0.942,   0.0797,    0.758
   12.58,  -22.25,   1.2,    0.935,   0.0775,    0.759
   12.60,  -23.84,   1.2,    0.928,   0.0755,     0.76
   12.65,  -28.42,   1.2,    0.911,   0.0719,    0.762
   12.70,  -31.69,   1.2,    0.887,   0.0692,    0.762
   12.75,  -34.91,   1.2,    0.859,   0.0671,    0.762
   12.80,  -38.17,   1.2,    0.825,   0.0657,    0.762
   12.85,  -41.54,   1.2,    0.785,   0.0649,     0.76
   12.90,  -45.07,   1.2,    0.738,   0.0648,    0.758
   12.95,  -48.80,   1.2,    0.682,   0.0653,    0.756
   13.00,  -52.72,   1.2,    0.616,   0.0665,    0.752
   13.05,  -56.74,   1.2,     0.54,   0.0684,    0.748
   13.10,  -60.64,   1.2,    0.455,   0.0711,    0.744
   13.15,  -64.10,   1.2,    0.366,   0.0746,    0.738
   13.25,  -70.68,   1.2,    0.205,   0.0833,    0.727
   13.35,  -71.39,   1.2,   0.0824,   0.0957,    0.714
   13.45,  -71.45,   1.2,   0.0414,    0.108,    0.702
   13.55,  -71.42,   1.2,   0.0292,    0.121,    0.689
   13.65,  -71.38,   1.2,   0.0257,    0.133,    0.677
   13.75,  -71.33,   1.2,   0.0247,    0.145,    0.665
   13.85,  -71.28,   1.2,   0.0246,    0.157,    0.654
   13.95,  -71.23,   1.2,   0.0246,    0.168,    0.643
   14.05,  -71.17,   1.2,   0.0248,    0.179,    0.632
   14.15,  -71.11,   1.2,   0.0249,     0.19,    0.621
   14.25,  -71.04,   1.2,   0.0251,    0.201,    0.611
   14.35,  -70.98,   1.2,   0.0253,    0.212,    0.601
   14.45,  -70.91,   1.2,   0.0255,    0.222,    0.592
   14.55,  -70.84,   1.2,   0.0257,    0.232,    0.582
   14.65,  -70.77,   1.2,   0.0259,    0.242,    0.573
   14.75,  -70.69,   1.2,   0.0262,    0.251,    0.564
   14.85,  -70.61,   1.2,   0.0264,    0.261,    0.556
   14.95,  -70.53,   1.2,   0.0267,     0.27,    0.547
   15.05,  -70.45,   1.2,   0.0269,    0.279,    0.539
   15.15,  -70.36,   1.2,   0.0272,    0.288,    0.531
   15.25,  -70.27,   1.2,   0.0275,    0.296,    0.524
   15.35,  -70.18,   1.2,   0.0278,    0.304,    0.516
   15.45,  -70.08,   1.2,   0.0281,    0.313,    0.509
   15.55,  -69.98,   1.2,   0.0285,     0.32,    0.502
   15.65,  -69.88,   1.2,   0.0288,    0.328,    0.495
   15.75,  -69.78,   1.2,   0.0291,    0.336,    0.489
   15.85,  -69.68,   1.2,   0.0295,    0.343,    0.482
   15.95,  -69.57,   1.2,   0.0299,     0.35,    0.476
   16.05,  -69.46,   1.2,   0.0303,    0.357,     0.47
   16.15,  -69.35,   1.2,   0.0307,    0.364,    0.465
   16.25,  -69.23,   1.2,   0.0311,     0.37,    0.459
   16.35,  -69.12,   1.2,   0.0315,    0.377,    0.454
   16.45,  -69.00,   1.2,    0.032,    0.383,    0.448
   16.55,  -68.88,   1.2,   0.0324,    0.389,    0.443
   16.65,  -68.76,   1.2,   0.0329,    0.395,    0.439
   16.75,  -68.64,   1.2,   0.0334,    0.401,    0.434
   16.85,  -68.51,   1.2,   0.0339,    0.406,    0.429
   16.95,  -68.39,   1.2,   0.0344,    0.411,    0.425
   17.05,  -68.26,   1.2,   0.0349,    0.417,    0.421
   17.15,  -68.13,   1.2,   0.0355,    0.422,    0.417
   17.25,  -68.00,   1.2,    0.036,    0.427,    0.413
   17.35,  -67.87,   1.2,   0.0366,    0.431,    0.409
   17.45,  -67.74,   1.2,   0.0372,    0.436,    0.406
   17.55,  -67.61,   1.2,   0.0377,     0.44,    0.402
   17.65,  -67.48,   1.2,   0.0383,    0.444,    0.399
   17.75,  -67.34,   1.2,    0.039,    0.448,    0.396
   17.85,  -67.21,   1.2,   0.0396,    0.452,    0.393
   17.95,  -67.07,   1.2,   0.0402,    0.456,     0.39
   18.05,  -66.94,   1.2,   0.0409,     0.46,    0.387
   18.15,  -66.80,   1.2,   0.0415,    0.463,    0.384
   18.25,  -66.67,   1.2,   0.0422,    0.467,    0.382
   18.35,  -66.53,   1.2,   0.0429,     0.47,    0.379
   18.45,  -66.40,   1.2,   0.0436,    0.473,    0.377
   18.55,  -66.26,   1.2,   0.0443,    0.476,    0.375
   18.65,  -66.12,   1.2,    0.045,    0.479,    0.373
   18.75,  -65.99,   1.2,   0.0458,    0.482,    0.371
   18.85,  -65.85,   1.2,   0.0465,    0.484,    0.369
   18.95,  -65.72,   1.2,   0.0473,    0.487,    0.367
   19.05,  -65.58,   1.2,    0.048,    0.489,    0.366
   19.15,  -65.45,   1.2,   0.0488,    0.491,    0.364
   19.25,  -65.31,   1.2,   0.0496,    0.493,    0.363
   19.35,  -65.18,   1.2,   0.0504,    0.495,    0.361
   19.45,  -65.04,   1.2,   0.0512,    0.497,     0.36
   19.55,  -64.91,   1.2,    0.052,    0.499,    0.359
   19.65,  -64.77,   1.2,   0.0528,    0.501,    0.358
   19.75,  -64.64,   1.2,   0.0537,    0.502,    0.357
   19.85,  -64.51,   1.2,   0.0545,    0.504,    0.356
   19.95,  -64.38,   1.2,   0.0553,    0.505,    0.355
   20.05,  -64.24,   1.2,   0.0562,    0.506,    0.354
   20.15,  -64.11,   1.2,   0.0571,    0.507,    0.354
   20.25,  -63.98,   1.2,   0.0579,    0.508,    0.353
   20.35,  -63.85,   1.2,   0.0588,    0.509,    0.352
   20.45,  -63.72,   1.2,   0.0597,     0.51,    0.352
   20.55,  -63.59,   1.2,   0.0606,    0.511,    0.352
   20.65,  -63.47,   1.2,   0.0615,    0.511,    0.351
   20.75,  -63.34,   1.2,   0.0624,    0.512,    0.351
   20.85,  -63.21,   1.2,   0.0634,    0.512,    0.351
   20.95,  -63.08,   1.2,   0.0643,    0.513,    0.351
   21.05,  -62.96,   1.2,   0.0652,    0.513,    0.351
   21.15,  -62.83,   1.2,   0.0662,    0.513,     0.35
   21.25,  -62.71,   1.2,   0.0671,    0.513,    0.351
   21.35,  -62.58,   1.2,   0.0681,    0.513,    0.351
   21.45,  -62.46,   1.2,   0.0691,    0.513,    0.351
   21.55,  -62.34,   1.2,   0.0701,    0.513,    0.351
   21.65,  -62.21,   1.2,   0.0711,    0.513,    0.351
   21.75,  -62.09,   1.2,   0.0721,    0.513,    0.351
   21.85,  -61.97,   1.2,   0.0731,    0.512,    0.352
   21.95,  -61.85,   1.2,   0.0741,    0.512,    0.352
   22.05,  -61.73,   1.2,   0.0751,    0.511,    0.353
   22.15,  -61.61,   1.2,   0.0761,    0.511,    0.353
   22.25,  -61.49,   1.2,   0.0772,     0.51,    0.354
   22.35,  -61.37,   1.2,   0.0782,    0.509,    0.354
   22.45,  -61.25,   1.2,   0.0793,    0.508,    0.355
   22.55,  -61.13,   1.2,   0.0803,    0.508,    0.355
   22.65,  -61.01,   1.2,   0.0814,    0.507,    0.356
   22.75,  -60.89,   1.2,   0.0825,    0.506,    0.357
   22.85,  -60.77,   1.2,   0.0836,    0.505,    0.357
   22.95,  -60.66,   1.2,   0.0847,    0.503,    0.358
   23.05,  -60.54,   1.2,   0.0858,    0.502,    0.359
   23.15,  -60.42,   1.2,   0.0869,    0.501,     0.36
   23.25,  -60.31,   1.2,    0.088,      0.5,    0.361
   23.35,  -60.19,   1.2,   0.0892,    0.498,    0.361
   23.45,  -60.07,   1.2,   0.0903,    0.497,    0.362
   23.55,  -59.96,   1.2,   0.0915,    0.495,    0.363
   23.65,  -59.84,   1.2,   0.0926,    0.494,    0.364
   23.75,  -59.73,   1.2,   0.0938,    0.492,    0.365
   23.85,  -59.61,   1.2,    0.095,    0.491,    0.366
   23.95,  -59.49,   1.2,   0.0962,    0.489,    0.367
   24.05,  -59.38,   1.2,   0.0974,    0.487,    0.368
   24.15,  -59.26,   1.2,   0.0986,    0.485,     0.37
   24.25,  -59.15,   1.2,   0.0999,    0.484,    0.371
   24.35,  -59.03,   1.2,    0.101,    0.482,    0.372
   24.45,  -58.92,   1.2,    0.102,     0.48,    0.373
   24.55,  -58.80,   1.2,    0.104,    0.478,    0.374
   24.65,  -58.68,   1.2,    0.105,    0.476,    0.375
   24.75,  -58.57,   1.2,    0.106,    0.474,    0.377
   24.85,  -58.45,   1.2,    0.108,    0.472,    0.378
   24.95,  -58.33,   1.2,    0.109,    0.469,    0.379
   25.05,  -58.22,   1.2,     0.11,    0.467,     0.38
   25.15,  -58.10,   1.2,    0.112,    0.465,    0.382
   25.25,  -57.98,   1.2,    0.113,    0.463,    0.383
   25.35,  -57.86,   1.2,    0.114,     0.46,    0.384
   25.45,  -57.74,   1.2,    0.116,    0.458,    0.386
   25.55,  -57.62,   1.2,    0.117,    0.455,    0.387
   25.65,  -57.50,   1.2,    0.119,    0.453,    0.389
   25.75,  -57.37,   1.2,     0.12,     0.45,     0.39
   25.85,  -57.25,   1.2,    0.122,    0.448,    0.392
   25.95,  -57.12,   1.2,    0.123,    0.445,    0.393
   26.05,  -56.99,   1.2,    0.125,    0.443,    0.394
   26.15,  -56.85,   1.2,    0.127,     0.44,    0.396
   26.25,  -56.72,   1.2,    0.128,    0.437,    0.398
   26.35,  -56.57,   1.2,     0.13,    0.434,    0.399
   26.45,  -56.43,   1.2,    0.132,    0.431,    0.401
   26.55,  -56.27,   1.2,    0.134,    0.429,    0.402
   26.65,  -56.11,   1.2,    0.136,    0.426,    0.404
   26.75,  -55.95,   1.2,    0.138,    0.423,    0.406
   26.85,  -55.77,   1.2,     0.14,     0.42,    0.407
   26.95,  -55.57,   1.2,    0.143,    0.416,    0.409
   27.05,  -55.36,   1.2,    0.145,    0.413,    0.411
   27.15,  -55.13,   1.2,    0.148,     0.41,    0.413
   27.25,  -54.87,   1.2,    0.151,    0.406,    0.415
   27.35,  -54.58,   1.2,    0.154,    0.403,    0.417
   27.45,  -54.24,   1.2,    0.158,    0.399,    0.419
   27.55,  -53.84,   1.2,    0.163,    0.395,    0.421
   27.65,  -53.37,   1.2,    0.168,    0.391,    0.423
   27.75,  -52.78,   1.2,    0.174,    0.387,    0.426
   27.85,  -52.03,   1.2,    0.181,    0.382,    0.428
   27.95,  -51.04,   1.2,    0.191,    0.376,    0.431
   28.05,  -49.70,   1.2,    0.204,     0.37,    0.435
   28.15,  -47.76,   1.2,    0.221,    0.363,    0.439
   28.25,  -44.77,   1.2,    0.245,    0.354,    0.444
   28.35,  -39.72,   1.2,    0.283,    0.342,    0.451
   28.45,  -30.11,   1.2,    0.346,    0.324,    0.461
   28.50,  -23.56,   1.2,    0.406,     0.31,    0.469
   28.52,  -19.82,   1.2,    0.444,    0.302,    0.474
   28.55,  -15.12,   1.2,    0.487,    0.293,     0.48
   28.57,   -9.43,   1.2,    0.533,    0.283,    0.487
   28.60,   -2.84,   1.2,    0.584,    0.274,    0.494
   28.62,    4.38,   1.2,    0.639,    0.264,    0.503
   28.65,   11.69,   1.2,    0.695,    0.254,    0.513
   28.67,   18.38,   1.2,    0.751,    0.245,    0.524
   28.70,   23.73,   1.2,    0.802,    0.236,    0.537
   28.72,   27.36,   1.2,    0.846,    0.227,    0.549
   28.75,   29.32,   1.2,    0.882,    0.219,    0.562
   28.77,   29.95,   1.2,     0.91,    0.211,    0.575
   28.80,   29.65,   1.2,    0.932,    0.203,    0.588
   28.82,   28.76,   1.2,    0.948,    0.195,      0.6
   28.85,   27.48,   1.2,     0.96,    0.188,    0.612
   28.87,   25.95,   1.2,    0.969,    0.181,    0.623
   28.90,   24.24,   1.2,    0.975,    0.174,    0.633
   28.92,   22.42,   1.2,     0.98,    0.168,    0.643
   28.95,   20.51,   1.2,    0.983,    0.162,    0.652
   28.97,   18.54,   1.2,    0.986,    0.156,    0.661
   29.00,   16.53,   1.2,    0.987,     0.15,    0.669
   29.02,   14.49,   1.2,    0.988,    0.145,    0.677
   29.05,   12.44,   1.2,    0.989,    0.139,    0.684
   29.07,   10.38,   1.2,    0.989,    0.134,    0.691
   29.10,    8.33,   1.2,    0.989,    0.129,    0.697
   29.12,    6.29,   1.2,    0.988,    0.125,    0.703
   29.15,    4.26,   1.2,    0.988,     0.12,    0.709
   29.17,    2.26,   1.2,    0.987,    0.116,    0.714
   29.20,    0.28,   1.2,    0.985,    0.112,    0.718
   29.22,   -1.68,   1.2,    0.984,    0.108,    0.723
   29.25,   -3.60,   1.2,    0.982,    0.104,    0.727
   29.27,   -5.50,   1.2,     0.98,      0.1,     0.73
   29.30,   -7.37,   1.2,    0.977,   0.0969,    0.734
   29.32,   -9.21,   1.2,    0.974,   0.0937,    0.737
   29.35,  -11.02,   1.2,    0.971,   0.0906,     0.74
   29.37,  -12.80,   1.2,    0.967,   0.0877,    0.742
   29.40,  -14.55,   1.2,    0.963,   0.0849,    0.745
   29.42,  -16.28,   1.2,    0.958,   0.0823,    0.747
   29.45,  -17.97,   1.2,    0.953,   0.0798,    0.749
   29.47,  -19.64,   1.2,    0.947,   0.0776,     0.75
   29.50,  -21.29,   1.2,     0.94,   0.0754,    0.752
   29.52,  -22.91,   1.2,    0.933,   0.0735,    0.753
   29.57,  -27.52,   1.2,    0.917,   0.0699,    0.755
   29.62,  -30.84,   1.2,    0.894,   0.0671,    0.756
   29.67,  -34.06,   1.2,    0.867,    0.065,    0.756
   29.72,  -37.30,   1.2,    0.835,   0.0635,    0.756
   29.77,  -40.62,   1.2,    0.797,   0.0626,    0.754
   29.82,  -44.07,   1.2,    0.751,   0.0623,    0.753
   29.87,  -47.71,   1.2,    0.698,   0.0627,     0.75
   29.92,  -51.53,   1.2,    0.635,   0.0638,    0.747
   29.97,  -55.49,   1.2,    0.563,   0.0655,    0.744
   30.02,  -59.39,   1.2,    0.481,    0.068,    0.739
   30.07,  -62.97,   1.2,    0.393,   0.0713,    0.734
   30.17,  -70.19,   1.2,     0.23,   0.0794,    0.724
   30.27,  -71.30,   1.2,   0.0941,   0.0916,    0.711
   30.37,  -71.42,   1.2,   0.0452,    0.104,    0.698
   30.47,  -71.41,   1.2,   0.0304,    0.117,    0.686
   30.57,  -71.37,   1.2,    0.026,    0.129,    0.674
   30.67,  -71.32,   1.2,   0.0249,    0.141,    0.662
   30.77,  -71.27,   1.2,   0.0246,    0.153,    0.651
   30.87,  -71.21,   1.2,   0.0247,    0.164,     0.64
   30.97,  -71.15,   1.2,   0.0248,    0.176,    0.629
   31.07,  -71.09,   1.2,    0.025,    0.187,    0.619
   31.17,  -71.03,   1.2,   0.0252,    0.197,    0.609
   31.27,  -70.96,   1.2,   0.0254,    0.208,    0.599
   31.37,  -70.89,   1.2,   0.0256,    0.218,    0.589
   31.47,  -70.82,   1.2,   0.0258,    0.228,     0.58
   31.57,  -70.75,   1.2,    0.026,    0.238,    0.571
   31.67,  -70.67,   1.2,   0.0262,    0.248,    0.562
   31.77,  -70.59,   1.2,   0.0265,    0.257,    0.553
   31.87,  -70.51,   1.2,   0.0267,    0.267,    0.545
   31.97,  -70.42,   1.2,    0.027,    0.276,    0.537
   32.07,  -70.34,   1.2,   0.0273,    0.284,    0.529
   32.17,  -70.25,   1.2,   0.0276,    0.293,    0.522
   32.27,  -70.15,   1.2,   0.0279,    0.301,    0.514
   32.37,  -70.06,   1.2,   0.0282,    0.309,    0.507
   32.47,  -69.96,   1.2,   0.0285,    0.317,      0.5
   32.58,  -69.86,   1.2,   0.0289,    0.325,    0.494
   32.68,  -69.75,   1.2,   0.0292,    0.333,    0.487
   32.78,  -69.65,   1.2,   0.0296,     0.34,    0.481
   32.88,  -69.54,   1.2,     0.03,    0.347,    0.475
   32.98,  -69.43,   1.2,   0.0304,    0.354,    0.469
   33.08,  -69.32,   1.2,   0.0308,    0.361,    0.463
   33.18,  -69.21,   1.2,   0.0312,    0.368,    0.458
   33.28,  -69.09,   1.2,   0.0316,    0.374,    0.452
   33.38,  -68.97,   1.2,   0.0321,     0.38,    0.447
   33.48,  -68.85,   1.2,   0.0326,    0.386,    0.442
   33.58,  -68.73,   1.2,    0.033,    0.392,    0.437
   33.68,  -68.61,   1.2,   0.0335,    0.398,    0.433
   33.78,  -68.48,   1.2,    0.034,    0.404,    0.428
   33.88,  -68.36,   1.2,   0.0345,    0.409,    0.424
   33.98,  -68.23,   1.2,   0.0351,    0.414,     0.42
   34.08,  -68.10,   1.2,   0.0356,    0.419,    0.416
   34.18,  -67.97,   1.2,   0.0362,    0.424,    0.412
   34.28,  -67.84,   1.2,   0.0367,    0.429,    0.408
   34.38,  -67.71,   1.2,   0.0373,    0.433,    0.405
   34.48,  -67.58,   1.2,   0.0379,    0.438,    0.401
   34.58,  -67.44,   1.2,   0.0385,    0.442,    0.398
   34.68,  -67.31,   1.2,   0.0391,    0.446,    0.395
   34.78,  -67.18,   1.2,   0.0397,     0.45,    0.392
   34.88,  -67.04,   1.2,   0.0404,    0.454,    0.389
   34.98,  -66.91,   1.2,    0.041,    0.458,    0.386
   35.08,  -66.77,   1.2,   0.0417,    0.461,    0.384
   35.18,  -66.64,   1.2,   0.0424,    0.465,    0.381
   35.28,  -66.50,   1.2,   0.0431,    0.468,    0.379
   35.38,  -66.36,   1.2,   0.0438,    0.471,    0.377
   35.48,  -66.23,   1.2,   0.0445,    0.474,    0.374
   35.58,  -66.09,   1.2,   0.0452,    0.477,    0.372
   35.68,  -65.96,   1.2,   0.0459,     0.48,     0.37
   35.78,  -65.82,   1.2,   0.0467,    0.482,    0.369
   35.88,  -65.69,   1.2,   0.0474,    0.485,    0.367
   35.98,  -65.55,   1.2,   0.0482,    0.487,    0.365
   36.08,  -65.41,   1.2,    0.049,    0.489,    0.364
   36.18,  -65.28,   1.2,   0.0498,    0.491,    0.362
   36.28,  -65.15,   1.2,   0.0506,    0.493,    0.361
   36.38,  -65.01,   1.2,   0.0514,    0.495,     0.36
   36.48,  -64.88,   1.2,   0.0522,    0.497,    0.359
   36.58,  -64.74,   1.2,    0.053,    0.499,    0.358
   36.68,  -64.61,   1.2,   0.0538,      0.5,    0.357
   36.78,  -64.48,   1.2,   0.0547,    0.502,    0.356
   36.88,  -64.35,   1.2,   0.0555,    0.503,    0.355
   36.98,  -64.22,   1.2,   0.0564,    0.504,    0.354
   37.08,  -64.09,   1.2,   0.0573,    0.505,    0.353
   37.18,  -63.96,   1.2,   0.0581,    0.506,    0.353
   37.28,  -63.83,   1.2,    0.059,    0.507,    0.352
   37.38,  -63.70,   1.2,   0.0599,    0.508,    0.352
   37.48,  -63.57,   1.2,   0.0608,    0.509,    0.351
   37.58,  -63.44,   1.2,   0.0617,     0.51,    0.351
   37.68,  -63.31,   1.2,   0.0626,     0.51,    0.351
   37.78,  -63.19,   1.2,   0.0636,    0.511,    0.351
   37.88,  -63.06,   1.2,   0.0645,    0.511,    0.351
   37.98,  -62.93,   1.2,   0.0654,    0.511,     0.35
   38.08,  -62.81,   1.2,   0.0664,    0.512,     0.35
   38.18,  -62.69,   1.2,   0.0673,    0.512,     0.35
   38.28,  -62.56,   1.2,   0.0683,    0.512,    0.351
   38.38,  -62.44,   1.2,   0.0693,    0.512,    0.351
   38.48,  -62.32,   1.2,   0.0702,    0.511,    0.351
   38.58,  -62.19,   1.2,   0.0712,    0.511,    0.351
   38.68,  -62.07,   1.2,   0.0722,    0.511,    0.351
   38.78,  -61.95,   1.2,   0.0732,    0.511,    0.352
   38.88,  -61.83,   1.2,   0.0742,     0.51,    0.352
   38.98,  -61.71,   1.2,   0.0753,     0.51,    0.353
   39.08,  -61.59,   1.2,   0.0763,    0.509,    0.353
   39.18,  -61.47,   1.2,   0.0773,    0.508,    0.354
   39.28,  -61.35,   1.2,   0.0784,    0.508,    0.354
   39.38,  -61.23,   1.2,   0.0794,    0.507,    0.355
   39.48,  -61.11,   1.2,   0.0805,    0.506,    0.355
   39.58,  -61.00,   1.2,   0.0815,    0.505,    0.356
   39.68,  -60.88,   1.2,   0.0826,    0.504,    0.357
   39.78,  -60.76,   1.2,   0.0837,    0.503,    0.357
   39.88,  -60.65,   1.2,   0.0848,    0.502,    0.358
   39.98,  -60.53,   1.2,   0.0859,    0.501,    0.359
   40.08,  -60.41,   1.2,    0.087,      0.5,     0.36
   40.18,  -60.30,   1.2,   0.0881,    0.498,    0.361
   40.28,  -60.18,   1.2,   0.0892,    0.497,    0.362
   40.38,  -60.07,   1.2,   0.0904,    0.496,    0.362
   40.48,  -59.96,   1.2,   0.0915,    0.494,    0.363
   40.58,  -59.84,   1.2,   0.0927,    0.493,    0.364
   40.68,  -59.73,   1.2,   0.0938,    0.491,    0.365
   40.78,  -59.61,   1.2,    0.095,    0.489,    0.366
   40.88,  -59.50,   1.2,   0.0962,    0.488,    0.367
   40.98,  -59.39,   1.2,   0.0974,    0.486,    0.369
   41.08,  -59.27,   1.2,   0.0986,    0.484,     0.37
   41.18,  -59.16,   1.2,   0.0998,    0.482,    0.371
   41.28,  -59.05,   1.2,    0.101,    0.481,    0.372
   41.38,  -58.93,   1.2,    0.102,    0.479,    0.373
   41.48,  -58.82,   1.2,    0.103,    0.477,    0.374
   41.58,  -58.71,   1.2,    0.105,    0.475,    0.375
   41.68,  -58.60,   1.2,    0.106,    0.473,    0.377
   41.78,  -58.49,   1.2,    0.107,    0.471,    0.378
   41.88,  -58.37,   1.2,    0.109,    0.468,    0.379
   41.98,  -58.26,   1.2,     0.11,    0.466,     0.38
   42.08,  -58.15,   1.2,    0.111,    0.464,    0.382
   42.18,  -58.04,   1.2,    0.113,    0.462,    0.383
   42.28,  -57.93,   1.2,    0.114,     0.46,    0.384
   42.38,  -57.81,   1.2,    0.115,    0.457,    0.386
   42.48,  -57.70,   1.2,    0.117,    0.455,    0.387
   42.58,  -57.59,   1.2,    0.118,    0.452,    0.388
   42.68,  -57.48,   1.2,    0.119,     0.45,     0.39
   42.78,  -57.37,   1.2,    0.121,    0.448,    0.391
   42.88,  -57.26,   1.2,    0.122,    0.445,    0.393
   42.98,  -57.15,   1.2,    0.124,    0.443,    0.394
   43.08,  -57.04,   1.2,    0.125,     0.44,    0.396
   43.18,  -56.92,   1.2,    0.126,    0.437,    0.397
   43.28,  -56.81,   1.2,    0.128,    0.435,    0.398
   43.38,  -56.70,   1.2,    0.129,    0.432,      0.4
   43.48,  -56.59,   1.2,    0.131,    0.429,    0.401
   43.58,  -56.49,   1.2,    0.132,    0.427,    0.403
   43.68,  -56.38,   1.2,    0.134,    0.424,    0.404
   43.78,  -56.27,   1.2,    0.135,    0.421,    0.406
   43.88,  -56.16,   1.2,    0.137,    0.418,    0.407
   43.98,  -56.06,   1.2,    0.138,    0.416,    0.409
   44.08,  -55.95,   1.2,     0.14,    0.413,    0.411
   44.18,  -55.85,   1.2,    0.141,     0.41,    0.412
   44.28,  -55.75,   1.2,    0.143,    0.407,    0.414
   44.38,  -55.65,   1.2,    0.144,    0.404,    0.415
   44.48,  -55.56,   1.2,    0.146,    0.401,    0.417
   44.58,  -55.47,   1.2,    0.147,    0.398,    0.418
   44.68,  -55.38,   1.2,    0.149,    0.395,     0.42
   44.78,  -55.31,   1.2,     0.15,    0.393,    0.421
   44.88,  -55.24,   1.2,    0.151,     0.39,    0.423
   44.98,  -55.18,   1.2,    0.152,    0.387,    0.424
   45.08,  -55.13,   1.2,    0.153,    0.384,    0.426
   45.18,  -55.10,   1.2,    0.154,    0.381,    0.427
   45.28,  -55.09,   1.2,    0.155,    0.378,    0.429
   45.38,  -55.10,   1.2,    0.156,    0.376,     0.43
   45.48,  -55.14,   1.2,    0.156,    0.373,    0.432
   45.58,  -55.21,   1.2,    0.156,     0.37,    0.433
   45.68,  -55.32,   1.2,    0.156,    0.368,    0.434
   45.78,  -55.48,   1.2,    0.155,    0.366,    0.435
   45.88,  -55.69,   1.2,    0.153,    0.364,    0.436
   45.98,  -55.97,   1.2,    0.151,    0.362,    0.437
   46.08,  -56.31,   1.2,    0.148,     0.36,    0.438
   46.18,  -56.72,   1.2,    0.144,    0.359,    0.438
   46.28,  -57.20,   1.2,     0.14,    0.358,    0.439
   46.38,  -57.75,   1.2,    0.134,    0.357,    0.439
   46.48,  -58.35,   1.2,    0.128,    0.357,    0.439
   46.58,  -59.01,   1.2,    0.121,    0.357,    0.438
   46.68,  -59.69,   1.2,    0.114,    0.357,    0.437
   46.78,  -60.37,   1.2,    0.107,    0.358,    0.436
   46.88,  -61.05,   1.2,    0.099,     0.36,    0.435
   46.98,  -61.70,   1.2,   0.0917,    0.361,    0.433
   47.08,  -62.30,   1.2,    0.085,    0.364,    0.432
   47.18,  -62.86,   1.2,   0.0788,    0.366,     0.43
   47.28,  -63.35,   1.2,   0.0734,    0.369,    0.427
   47.38,  -63.79,   1.2,   0.0687,    0.372,    0.425
   47.48,  -64.18,   1.2,   0.0647,    0.375,    0.423
   47.58,  -64.50,   1.2,   0.0613,    0.379,     0.42
   47.68,  -64.78,   1.2,   0.0585,    0.382,    0.417
   47.78,  -65.02,   1.2,   0.0563,    0.386,    0.415
   47.88,  -65.21,   1.2,   0.0544,    0.389,    0.412
   47.98,  -65.37,   1.2,   0.0529,    0.393,    0.409
   48.08,  -65.49,   1.2,   0.0517,    0.397,    0.407
   48.18,  -65.59,   1.2,   0.0507,    0.401,    0.404
   48.28,  -65.66,   1.2,     0.05,    0.404,    0.402
   48.38,  -65.71,   1.2,   0.0494,    0.408,    0.399
   48.48,  -65.74,   1.2,    0.049,    0.412,    0.397
   48.58,  -65.76,   1.2,   0.0487,    0.416,    0.394
   48.68,  -65.76,   1.2,   0.0485,    0.419,    0.392
   48.78,  -65.74,   1.2,   0.0485,    0.423,    0.389
   48.88,  -65.72,   1.2,   0.0485,    0.426,    0.387
   48.98,  -65.69,   1.2,   0.0485,     0.43,    0.385
   49.08,  -65.64,   1.2,   0.0487,    0.433,    0.383
   49.18,  -65.59,   1.2,   0.0489,    0.436,    0.381
   49.28,  -65.53,   1.2,   0.0492,    0.439,    0.379
   49.38,  -65.47,   1.2,   0.0495,    0.442,    0.377
   49.48,  -65.40,   1.2,   0.0498,    0.445,    0.375
   49.58,  -65.32,   1.2,   0.0502,    0.448,    0.373
   49.68,  -65.25,   1.2,   0.0506,    0.451,    0.372
   49.78,  -65.16,   1.2,   0.0511,    0.454,     0.37
   49.88,  -65.08,   1.2,   0.0515,    0.456,    0.369
   49.98,  -64.99,   1.2,    0.052,    0.459,    0.367
   50.08,  -64.90,   1.2,   0.0526,    0.461,    0.366
   50.18,  -64.81,   1.2,   0.0531,    0.464,    0.365
   50.28,  -64.71,   1.2,   0.0537,    0.466,    0.363
   50.38,  -64.61,   1.2,   0.0543,    0.468,    0.362
   50.48,  -64.52,   1.2,   0.0549,     0.47,    0.361
   50.58,  -64.42,   1.2,   0.0555,    0.472,     0.36
   50.68,  -64.32,   1.2,   0.0561,    0.474,    0.359
   50.78,  -64.21,   1.2,   0.0568,    0.475,    0.358
   50.88,  -64.11,   1.2,   0.0575,    0.477,    0.358
   50.98,  -64.01,   1.2,   0.0581,    0.479,    0.357
   51.08,  -63.90,   1.2,   0.0588,     0.48,    0.356
   51.18,  -63.80,   1.2,   0.0595,    0.481,    0.356
   51.28,  -63.70,   1.2,   0.0602,    0.483,    0.355
   51.38,  -63.59,   1.2,    0.061,    0.484,    0.355
   51.48,  -63.49,   1.2,   0.0617,    0.485,    0.354
   51.58,  -63.38,   1.2,   0.0625,    0.486,    0.354
   51.68,  -63.28,   1.2,   0.0632,    0.487,    0.354
   51.78,  -63.17,   1.2,    0.064,    0.488,    0.353
   51.88,  -63.07,   1.2,   0.0647,    0.489,    0.353
   51.98,  -62.96,   1.2,   0.0655,    0.489,    0.353
   52.08,  -62.86,   1.2,   0.0663,     0.49,    0.353
   52.18,  -62.76,   1.2,   0.0671,     0.49,    0.353
   52.28,  -62.65,   1.2,   0.0679,    0.491,    0.353
   52.38,  -62.55,   1.2,   0.0687,    0.491,    0.353
   52.48,  -62.45,   1.2,   0.0695,    0.492,    0.353
   52.58,  -62.35,   1.2,   0.0703,    0.492,    0.353
   52.68,  -62.24,   1.2,   0.0712,    0.492,    0.353
   52.78,  -62.14,   1.2,    0.072,    0.492,    0.353
   52.88,  -62.04,   1.2,   0.0728,    0.492,    0.354
   52.98,  -61.94,   1.2,   0.0736,    0.492,    0.354
   53.08,  -61.84,   1.2,   0.0745,    0.492,    0.354
   53.18,  -61.75,   1.2,   0.0753,    0.492,    0.355
   53.28,  -61.65,   1.2,   0.0762,    0.492,    0.355
   53.38,  -61.55,   1.2,    0.077,    0.491,    0.355
   53.48,  -61.46,   1.2,   0.0778,    0.491,    0.356
   53.58,  -61.36,   1.2,   0.0787,    0.491,    0.356
   53.68,  -61.27,   1.2,   0.0795,     0.49,    0.357
   53.78,  -61.18,   1.2,   0.0804,     0.49,    0.357
   53.88,  -61.08,   1.2,   0.0812,    0.489,    0.358
   53.98,  -60.99,   1.2,   0.0821,    0.488,    0.359
   54.08,  -60.90,   1.2,   0.0829,    0.488,    0.359
   54.18,  -60.82,   1.2,   0.0838,    0.487,     0.36
   54.28,  -60.73,   1.2,   0.0846,    0.486,    0.361
   54.38,  -60.64,   1.2,   0.0854,    0.486,    0.361
   54.48,  -60.56,   1.2,   0.0862,    0.485,    0.362
   54.58,  -60.48,   1.2,   0.0871,    0.484,    0.363
   54.68,  -60.40,   1.2,   0.0879,    0.483,    0.363
   54.78,  -60.32,   1.2,   0.0887,    0.482,    0.364
   54.88,  -60.24,   1.2,   0.0895,    0.481,    0.365
   54.98,  -60.17,   1.2,   0.0902,     0.48,    0.366
   55.08,  -60.10,   1.2,    0.091,    0.479,    0.367
   55.18,  -60.03,   1.2,   0.0917,    0.478,    0.367
   55.28,  -59.96,   1.2,   0.0925,    0.476,    0.368
   55.38,  -59.90,   1.2,   0.0932,    0.475,    0.369
   55.48,  -59.83,   1.2,   0.0939,    0.474,     0.37
   55.58,  -59.78,   1.2,   0.0945,    0.473,    0.371
   55.68,  -59.72,   1.2,   0.0952,    0.472,    0.372
   55.78,  -59.67,   1.2,   0.0958,     0.47,    0.372
   55.88,  -59.75,   0.0,   0.0963,    0.469,    0.373
   55.98,  -59.82,   0.0,   0.0963,    0.468,    0.374
   56.08,  -59.90,   0.0,    0.096,    0.467,    0.375
   56.18,  -60.00,   0.0,   0.0954,    0.466,    0.375
   56.28,  -60.10,   0.0,   0.0946,    0.465,    0.376
   56.38,  -60.22,   0.0,   0.0937,    0.464,    0.377
   56.48,  -60.34,   0.0,   0.0927,    0.463,    0.377
   56.58,  -60.48,   0.0,   0.0916,    0.463,    0.377
   56.68,  -60.62,   0.0,   0.0903,    0.462,    0.378
   56.78,  -60.77,   0.0,    0.089,    0.462,    0.378
   56.88,  -60.93,   0.0,   0.0876,    0.461,    0.378
   56.98,  -61.10,   0.0,   0.0862,    0.461,    0.378
   57.08,  -61.27,   0.0,   0.0846,    0.461,    0.378
   57.18,  -61.45,   0.0,   0.0831,    0.461,    0.378
   57.28,  -61.62,   0.0,   0.0815,    0.461,    0.378
   57.38,  -61.80,   0.0,   0.0799,    0.462,    0.378
   57.48,  -61.98,   0.0,   0.0783,    0.462,    0.378
   57.58,  -62.15,   0.0,   0.0768,    0.462,    0.377
   57.68,  -62.32,   0.0,   0.0752,    0.463,    0.377
   57.78,  -62.49,   0.0,   0.0737,    0.464,    0.376
   57.88,  -62.65,   0.0,   0.0723,    0.465,    0.376
   57.98,  -62.81,   0.0,   0.0709,    0.465,    0.375
   58.08,  -62.96,   0.0,   0.0696,    0.466,    0.375
   58.18,  -63.10,   0.0,   0.0684,    0.467,    0.374
   58.28,  -63.23,   0.0,   0.0672,    0.468,    0.373
   58.38,  -63.35,   0.0,   0.0661,     0.47,    0.372
   58.48,  -63.47,   0.0,   0.0651,    0.471,    0.371
   58.58,  -63.58,   0.0,   0.0642,    0.472,    0.371
   58.68,  -63.67,   0.0,   0.0633,    0.473,     0.37
   58.78,  -63.77,   0.0,   0.0625,    0.475,    0.369
   58.88,  -63.85,   0.0,   0.0618,    0.476,    0.368
   58.98,  -63.92,   0.0,   0.0612,    0.478,    0.367
   59.08,  -63.99,   0.0,   0.0606,    0.479,    0.366
   59.18,  -64.05,   0.0,   0.0601,     0.48,    0.365
   59.28,  -64.10,   0.0,   0.0596,    0.482,    0.364
   59.38,  -64.14,   0.0,   0.0592,    0.483,    0.363
   59.48,  -64.18,   0.0,   0.0589,    0.485,    0.363
   59.58,  -64.21,   0.0,   0.0586,    0.486,    0.362
   59.68,  -64.24,   0.0,   0.0583,    0.488,    0.361
   59.78,  -64.26,   0.0,   0.0581,    0.489,     0.36
   59.88,  -64.27,   0.0,   0.0579,    0.491,    0.359
   59.98,  -64.28,   0.0,   0.0578,    0.492,    0.358
   60.08,  -64.29,   0.0,   0.0577,    0.493,    0.357
   60.18,  -64.29,   0.0,   0.0576,    0.495,    0.357
   60.28,  -64.28,   0.0,   0.0576,    0.496,    0.356
   60.38,  -64.28,   0.0,   0.0576,    0.497,    0.355
   60.48,  -64.27,   0.0,   0.0576,    0.499,    0.354
   60.58,  -64.25,   0.0,   0.0576,      0.5,    0.354
   60.68,  -64.23,   0.0,   0.0577,    0.501,    0.353
   60.78,  -64.21,   0.0,   0.0578,    0.502,    0.352
   60.88,  -64.19,   0.0,   0.0579,    0.504,    0.352
   60.98,  -64.17,   0.0,   0.0581,    0.505,    0.351
   61.08,  -64.14,   0.0,   0.0582,    0.506,    0.351
   61.18,  -64.11,   0.0,   0.0584,    0.507,     0.35
   61.28,  -64.08,   0.0,   0.0586,    0.508,     0.35
   61.38,  -64.04,   0.0,   0.0588,    0.509,    0.349
   61.48,  -64.01,   0.0,    0.059,     0.51,    0.349
   61.58,  -63.97,   0.0,   0.0593,    0.511,    0.348
   61.68,  -63.93,   0.0,   0.0595,    0.512,    0.348
   61.78,  -63.89,   0.0,   0.0598,    0.512,    0.347
   61.88,  -63.85,   0.0,     0.06,    0.513,    0.347
   61.98,  -63.81,   0.0,   0.0603,    0.514,    0.347
   62.08,  -63.77,   0.0,   0.0606,    0.515,    0.346
   62.18,  -63.72,   0.0,   0.0609,    0.515,    0.346
   62.28,  -63.68,   0.0,   0.0612,    0.516,    0.346
   62.38,  -63.63,   0.0,   0.0615,    0.517,    0.346
   62.48,  -63.59,   0.0,   0.0618,    0.517,    0.346
   62.58,  -63.54,   0.0,   0.0621,    0.518,    0.345
   62.68,  -63.50,   0.0,   0.0624,    0.518,    0.345
   62.78,  -63.45,   0.0,   0.0628,    0.519,    0.345
