#time (msec), membrane voltage (mV), stimulus level (nA), m, h, n
    0.10,  -62.86,   0.0,   0.0679,    0.513,    0.354
    0.20,  -62.87,   0.0,   0.0679,    0.514,    0.354
    0.30,  -62.87,   0.0,   0.0679,    0.514,    0.354
    0.40,  -62.87,   0.0,   0.0679,    0.514,    0.353
    0.50,  -62.87,   0.0,   0.0678,    0.514,    0.353
    0.60,  -62.87,   0.0,   0.0678,    0.514,    0.353
    0.70,  -62.88,   0.0,   0.0678,    0.514,    0.353
    0.80,  -62.88,   0.0,   0.0678,    0.514,    0.353
    0.90,  -62.88,   0.0,   0.0678,    0.514,    0.353
    1.00,  -62.88,   0.0,   0.0678,    0.514,    0.353
    1.10,  -62.87,   0.0,   0.0678,    0.515,    0.353
    1.20,  -62.87,   0.0,   0.0678,    0.515,    0.353
    1.30,  -62.87,   0.0,   0.0678,    0.515,    0.353
    1.40,  -62.87,   0.0,   0.0678,    0.515,    0.353
    1.50,  -62.87,   0.0,   0.0678,    0.515,    0.353
    1.60,  -62.87,   0.0,   0.0678,    0.515,    0.353
    1.70,  -62.86,   0.0,   0.0678,    0.515,    0.353
    1.80,  -62.86,   0.0,   0.0679,    0.515,    0.353
    1.90,  -62.86,   0.0,   0.0679,    0.515,    0.353
    2.00,  -62.85,   0.0,   0.0679,    0.515,    0.352
    2.10,  -62.85,   0.0,   0.0679,    0.515,    0.352
    2.20,  -62.84,   0.0,    0.068,    0.516,    0.352
    2.30,  -62.84,   0.0,    0.068,    0.516,    0.352
    2.40,  -62.84,   0.0,    0.068,    0.516,    0.352
    2.50,  -62.83,   0.0,   0.0681,    0.516,    0.352
    2.60,  -62.83,   0.0,   0.0681,    0.516,    0.352
    2.70,  -62.82,   0.0,   0.0681,    0.516,    0.352
    2.80,  -62.82,   0.0,   0.0682,    0.516,    0.352
    2.90,  -62.81,   0.0,   0.0682,    0.516,    0.352
    3.00,  -62.81,   0.0,   0.0682,    0.516,    0.352
    3.10,  -62.80,   0.0,   0.0683,    0.516,    0.352
    3.20,  -62.79,   0.0,   0.0683,    0.516,    0.352
    3.30,  -62.79,   0.0,   0.0684,    0.516,    0.352
    3.40,  -62.78,   0.0,   0.0684,    0.516,    0.352
    3.50,  -62.78,   0.0,   0.0685,    0.516,    0.352
    3.60,  -62.77,   0.0,   0.0685,    0.516,    0.352
    3.70,  -62.77,   0.0,   0.0685,    0.516,    0.352
    3.80,  -62.76,   0.0,   0.0686,    0.516,    0.352
    3.90,  -62.76,   0.0,   0.0686,    0.516,    0.352
    4.00,  -62.75,   0.0,   0.0687,    0.516,    0.352
    4.10,  -62.74,   0.0,   0.0687,    0.516,    0.352
    4.20,  -62.74,   0.0,   0.0688,    0.516,    0.352
    4.30,  -62.73,   0.0,   0.0688,    0.516,    0.352
    4.40,  -62.73,   0.0,   0.0688,    0.516,    0.352
    4.50,  -62.72,   0.0,   0.0689,    0.516,    0.352
    4.60,  -62.72,   0.0,   0.0689,    0.516,    0.352
    4.70,  -62.71,   0.0,    0.069,    0.516,    0.352
    4.80,  -62.71,   0.0,    0.069,    0.516,    0.352
    4.90,  -62.70,   0.0,    0.069,    0.516,    0.352
    5.00,  -62.70,   0.0,   0.0691,    0.516,    0.352
    5.10,  -62.70,   0.0,   0.0691,    0.516,    0.352
    5.20,  -62.69,   0.0,   0.0692,    0.516,    0.352
    5.30,  -62.69,   0.0,   0.0692,    0.516,    0.352
    5.40,  -62.68,   0.0,   0.0692,    0.516,    0.353
    5.50,  -62.68,   0.0,   0.0693,    0.516,    0.353
    5.60,  -62.68,   0.0,   0.0693,    0.516,    0.353
    5.70,  -62.67,   0.0,   0.0693,    0.516,    0.353
    5.80,  -62.67,   0.0,   0.0693,    0.516,    0.353
    5.90,  -62.67,   0.0,   0.0694,    0.516,    0.353
    6.00,  -62.67,   0.0,   0.0694,    0.516,    0.353
    6.10,  -62.66,   0.0,   0.0694,    0.516,    0.353
    6.20,  -62.66,   0.0,   0.0694,    0.515,    0.353
    6.30,  -62.66,   0.0,   0.0694,    0.515,    0.353
    6.40,  -62.66,   0.0,   0.0695,    0.515,    0.353
    6.50,  -62.66,   0.0,   0.0695,    0.515,    0.353
    6.60,  -62.65,   0.0,   0.0695,    0.515,    0.353
    6.70,  -62.65,   0.0,   0.0695,    0.515,    0.353
    6.80,  -62.65,   0.0,   0.0695,    0.515,    0.353
    6.90,  -62.65,   0.0,   0.0695,    0.515,    0.353
    7.00,  -62.65,   0.0,   0.0695,    0.515,    0.353
    7.10,  -62.65,   0.0,   0.0695,    0.515,    0.353
    7.20,  -62.65,   0.0,   0.0695,    0.515,    0.353
    7.30,  -62.65,   0.0,   0.0695,    0.515,    0.353
    7.40,  -62.65,   0.0,   0.0695,    0.515,    0.353
    7.50,  -62.65,   0.0,   0.0695,    0.515,    0.353
    7.60,  -62.65,   0.0,   0.0695,    0.515,    0.353
    7.70,  -62.65,   0.0,   0.0695,    0.515,    0.353
    7.80,  -62.65,   0.0,   0.0695,    0.515,    0.353
    7.90,  -62.65,   0.0,   0.0695,    0.515,    0.353
    8.00,  -62.66,   0.0,   0.0695,    0.515,    0.353
    8.10,  -62.66,   0.0,   0.0695,    0.515,    0.353
    8.20,  -62.66,   0.0,   0.0695,    0.515,    0.353
    8.30,  -62.66,   0.0,   0.0695,    0.515,    0.353
    8.40,  -62.66,   0.0,   0.0695,    0.514,    0.353
    8.50,  -62.66,   0.0,   0.0695,    0.514,    0.353
    8.60,  -62.67,   0.0,   0.0695,    0.514,    0.353
    8.70,  -62.67,   0.0,   0.0694,    0.514,    0.353
    8.80,  -62.67,   0.0,   0.0694,    0.514,    0.353
    8.90,  -62.67,   0.0,   0.0694,    0.514,    0.354
    9.00,  -62.67,   0.0,   0.0694,    0.514,    0.354
    9.10,  -62.68,   0.0,   0.0694,    0.514,    0.354
    9.20,  -62.68,   0.0,   0.0694,    0.514,    0.354
    9.30,  -62.68,   0.0,   0.0693,    0.514,    0.354
    9.40,  -62.68,   0.0,   0.0693,    0.514,    0.354
    9.50,  -62.69,   0.0,   0.0693,    0.514,    0.354
    9.60,  -62.69,   0.0,   0.0693,    0.514,    0.354
    9.70,  -62.69,   0.0,   0.0693,    0.514,    0.354
    9.80,  -62.69,   0.0,   0.0692,    0.514,    0.354
    9.90,  -62.70,   0.0,   0.0692,    0.514,    0.354
   10.00,  -62.70,   0.0,   0.0692,    0.514,    0.354
   10.10,  -62.70,   0.0,   0.0692,    0.514,    0.354
   10.20,  -62.70,   0.0,   0.0692,    0.514,    0.354
   10.30,  -62.71,   0.0,   0.0691,    0.514,    0.354
   10.40,  -62.71,   0.0,   0.0691,    0.514,    0.354
   10.50,  -62.71,   0.0,   0.0691,    0.514,    0.354
   10.60,  -62.71,   0.0,   0.0691,    0.514,    0.354
   10.70,  -62.72,   0.0,   0.0691,    0.514,    0.354
   10.80,  -62.72,   0.0,    0.069,    0.514,    0.353
   10.90,  -62.72,   0.0,    0.069,    0.514,    0.353
   11.00,  -62.72,   0.0,    0.069,    0.514,    0.353
   11.10,  -62.73,   0.0,    0.069,    0.514,    0.353
   11.20,  -62.73,   0.0,    0.069,    0.514,    0.353
   11.30,  -62.73,   0.0,    0.069,    0.514,    0.353
   11.40,  -62.73,   0.0,   0.0689,    0.514,    0.353
   11.50,  -62.73,   0.0,   0.0689,    0.514,    0.353
   11.60,  -62.74,   0.0,   0.0689,    0.514,    0.353
   11.70,  -62.74,   0.0,   0.0689,    0.514,    0.353
   11.80,  -62.74,   0.0,   0.0689,    0.514,    0.353
   11.90,  -62.74,   0.0,   0.0689,    0.514,    0.353
   12.00,  -62.74,   0.0,   0.0688,    0.514,    0.353
   12.10,  -62.74,   0.0,   0.0688,    0.514,    0.353
   12.20,  -62.74,   0.0,   0.0688,    0.514,    0.353
   12.30,  -62.75,   0.0,   0.0688,    0.514,    0.353
   12.40,  -62.75,   0.0,   0.0688,    0.515,    0.353
   12.50,  -62.75,   0.0,   0.0688,    0.515,    0.353
   12.60,  -62.75,   0.0,   0.0688,    0.515,    0.353
   12.70,  -62.75,   0.0,   0.0688,    0.515,    0.353
   12.80,  -62.75,   0.0,   0.0688,    0.515,    0.353
   12.90,  -62.75,   0.0,   0.0688,    0.515,    0.353
   13.00,  -62.75,   0.0,   0.0688,    0.515,    0.353
   13.10,  -62.75,   0.0,   0.0688,    0.515,    0.353
   13.20,  -62.75,   0.0,   0.0688,    0.515,    0.353
   13.30,  -62.75,   0.0,   0.0688,    0.515,    0.353
   13.40,  -62.75,   0.0,   0.0688,    0.515,    0.353
   13.50,  -62.75,   0.0,   0.0688,    0.515,    0.353
   13.60,  -62.75,   0.0,   0.0687,    0.515,    0.353
   13.70,  -62.75,   0.0,   0.0687,    0.515,    0.353
   13.80,  -62.75,   0.0,   0.0688,    0.515,    0.353
   13.90,  -62.75,   0.0,   0.0688,    0.515,    0.353
   14.00,  -62.75,   0.0,   0.0688,    0.515,    0.353
   14.10,  -62.75,   0.0,   0.0688,    0.515,    0.353
   14.20,  -62.75,   0.0,   0.0688,    0.515,    0.353
   14.30,  -62.75,   0.0,   0.0688,    0.515,    0.353
   14.40,  -62.75,   0.0,   0.0688,    0.515,    0.353
   14.50,  -62.75,   0.0,   0.0688,    0.515,    0.353
   14.60,  -62.75,   0.0,   0.0688,    0.515,    0.353
   14.70,  -62.75,   0.0,   0.0688,    0.515,    0.353
   14.80,  -62.75,   0.0,   0.0688,    0.515,    0.353
   14.90,  -62.74,   0.0,   0.0688,    0.515,    0.353
   15.00,  -62.74,   0.0,   0.0688,    0.515,    0.353
   15.10,  -62.74,   0.0,   0.0688,    0.515,    0.353
   15.20,  -62.74,   0.0,   0.0688,    0.515,    0.353
   15.30,  -62.74,   0.0,   0.0688,    0.515,    0.353
   15.40,  -62.74,   0.0,   0.0688,    0.515,    0.353
   15.50,  -62.74,   0.0,   0.0688,    0.515,    0.353
   15.60,  -62.74,   0.0,   0.0688,    0.515,    0.353
   15.70,  -62.74,   0.0,   0.0689,    0.515,    0.353
   15.80,  -62.73,   0.0,   0.0689,    0.515,    0.353
   15.90,  -62.73,   0.0,   0.0689,    0.515,    0.353
   16.00,  -62.73,   0.0,   0.0689,    0.515,    0.353
   16.10,  -62.73,   0.0,   0.0689,    0.515,    0.353
   16.20,  -62.73,   0.0,   0.0689,    0.515,    0.353
   16.30,  -62.73,   0.0,   0.0689,    0.515,    0.353
   16.40,  -62.73,   0.0,   0.0689,    0.515,    0.353
   16.50,  -62.73,   0.0,   0.0689,    0.515,    0.353
   16.60,  -62.73,   0.0,   0.0689,    0.515,    0.353
   16.70,  -62.72,   0.0,   0.0689,    0.515,    0.353
   16.80,  -62.72,   0.0,    0.069,    0.515,    0.353
   16.90,  -62.72,   0.0,    0.069,    0.515,    0.353
   17.00,  -62.72,   0.0,    0.069,    0.515,    0.353
   17.10,  -62.72,   0.0,    0.069,    0.515,    0.353
   17.20,  -62.72,   0.0,    0.069,    0.515,    0.353
   17.30,  -62.72,   0.0,    0.069,    0.515,    0.353
   17.40,  -62.72,   0.0,    0.069,    0.515,    0.353
   17.50,  -62.72,   0.0,    0.069,    0.515,    0.353
   17.60,  -62.72,   0.0,    0.069,    0.515,    0.353
   17.70,  -62.71,   0.0,    0.069,    0.515,    0.353
   17.80,  -62.71,   0.0,    0.069,    0.515,    0.353
   17.90,  -62.71,   0.0,    0.069,    0.515,    0.353
   18.00,  -62.71,   0.0,    0.069,    0.515,    0.353
   18.10,  -62.71,   0.0,   0.0691,    0.515,    0.353
   18.20,  -62.71,   0.0,   0.0691,    0.515,    0.353
   18.30,  -62.71,   0.0,   0.0691,    0.515,    0.353
   18.40,  -62.71,   0.0,   0.0691,    0.515,    0.353
   18.50,  -62.71,   0.0,   0.0691,    0.515,    0.353
   18.60,  -62.71,   0.0,   0.0691,    0.515,    0.353
   18.70,  -62.71,   0.0,   0.0691,    0.515,    0.353
   18.80,  -62.71,   0.0,   0.0691,    0.515,    0.353
   18.90,  -62.71,   0.0,   0.0691,    0.515,    0.353
   19.00,  -62.71,   0.0,   0.0691,    0.515,    0.353
   19.10,  -62.71,   0.0,   0.0691,    0.515,    0.353
   19.20,  -62.71,   0.0,   0.0691,    0.515,    0.353
   19.30,  -62.71,   0.0,   0.0691,    0.515,    0.353
   19.40,  -62.71,   0.0,   0.0691,    0.515,    0.353
   19.50,  -62.71,   0.0,   0.0691,    0.515,    0.353
   19.60,  -62.71,   0.0,   0.0691,    0.515,    0.353
   19.70,  -62.71,   0.0,   0.0691,    0.515,    0.353
   19.80,  -62.71,   0.0,   0.0691,    0.515,    0.353
   19.90,  -62.71,   0.0,   0.0691,    0.515,    0.353
   20.00,  -62.71,   0.0,   0.0691,    0.515,    0.353
   20.10,  -62.71,   0.0,   0.0691,    0.515,    0.353
   20.20,  -62.71,   0.0,   0.0691,    0.515,    0.353
   20.30,  -62.71,   0.0,   0.0691,    0.515,    0.353
   20.40,  -62.71,   0.0,   0.0691,    0.515,    0.353
   20.50,  -62.71,   0.0,   0.0691,    0.515,    0.353
   20.60,  -62.71,   0.0,   0.0691,    0.515,    0.353
   20.70,  -62.71,   0.0,   0.0691,    0.515,    0.353
   20.80,  -62.71,   0.0,   0.0691,    0.515,    0.353
   20.90,  -62.71,   0.0,   0.0691,    0.515,    0.353
   21.00,  -62.71,   0.0,   0.0691,    0.515,    0.353
   21.10,  -62.71,   0.0,   0.0691,    0.515,    0.353
   21.20,  -62.71,   0.0,   0.0691,    0.515,    0.353
   21.30,  -62.71,   0.0,   0.0691,    0.515,    0.353
   21.40,  -62.71,   0.0,   0.0691,    0.515,    0.353
   21.50,  -62.71,   0.0,   0.0691,    0.515,    0.353
   21.60,  -62.71,   0.0,   0.0691,    0.515,    0.353
   21.70,  -62.71,   0.0,   0.0691,    0.515,    0.353
   21.80,  -62.71,   0.0,   0.0691,    0.515,    0.353
   21.90,  -62.71,   0.0,   0.0691,    0.515,    0.353
   22.00,  -62.71,   0.0,   0.0691,    0.515,    0.353
   22.10,  -62.71,   0.0,   0.0691,    0.515,    0.353
   22.20,  -62.71,   0.0,   0.0691,    0.515,    0.353
   22.30,  -62.71,   0.0,   0.0691,    0.515,    0.353
   22.40,  -62.72,   0.0,    0.069,    0.515,    0.353
   22.50,  -61.72,  10.0,    0.069,    0.515,    0.353
   22.60,  -60.75,  10.0,    0.073,    0.514,    0.354
   22.70,  -59.80,  10.0,    0.079,    0.513,    0.355
   22.80,  -58.84,  10.0,   0.0864,    0.511,    0.356
   22.90,  -57.82,  10.0,   0.0949,    0.508,    0.358
   23.00,  -56.72,  10.0,    0.105,    0.505,     0.36
   23.10,  -55.49,  10.0,    0.116,      0.5,    0.362
   23.20,  -54.04,  10.0,    0.129,    0.495,    0.366
   23.30,  -52.23,  10.0,    0.145,    0.489,     0.37
   23.40,  -49.80,  10.0,    0.166,     0.48,    0.375
   23.50,  -46.21,  10.0,    0.194,     0.47,    0.381
   23.60,  -40.15,  10.0,    0.237,    0.455,    0.389
   23.70,  -27.92,  10.0,     0.31,    0.431,    0.401
   23.72,  -24.58,  10.0,    0.348,    0.421,    0.406
   23.75,  -20.10,  10.0,    0.389,    0.409,    0.412
   23.77,  -14.25,  10.0,    0.436,    0.397,    0.419
   23.79,  -11.16,  10.0,    0.463,     0.39,    0.423
   23.80,   -7.68,  10.0,    0.492,    0.384,    0.427
   23.81,   -3.83,  10.0,    0.522,    0.377,    0.432
   23.82,    0.37,  10.0,    0.554,     0.37,    0.437
   23.84,    4.84,  10.0,    0.586,    0.364,    0.443
   23.85,    9.51,  10.0,     0.62,    0.357,    0.448
   23.86,   14.23,  10.0,    0.654,     0.35,    0.455
   23.87,   18.85,  10.0,    0.688,    0.344,    0.461
   23.89,   23.21,  10.0,    0.721,    0.338,    0.468
   23.90,   27.15,  10.0,    0.753,    0.331,    0.476
   23.91,   30.55,  10.0,    0.783,    0.325,    0.483
   23.94,   36.67,  10.0,    0.836,    0.313,    0.499
   23.96,   39.26,  10.0,     0.88,    0.301,    0.516
   23.99,   39.74,  10.0,    0.913,     0.29,    0.532
   24.01,   39.20,  10.0,    0.937,    0.279,    0.548
   24.04,   38.19,  10.0,    0.954,    0.269,    0.563
   24.06,   36.92,  10.0,    0.966,    0.259,    0.577
   24.09,   35.48,  10.0,    0.975,    0.249,    0.591
   24.11,   33.92,  10.0,    0.981,     0.24,    0.604
   24.14,   32.24,  10.0,    0.985,    0.231,    0.616
   24.16,   30.48,  10.0,    0.988,    0.223,    0.628
   24.19,   28.65,  10.0,    0.991,    0.214,    0.639
   24.21,   26.76,  10.0,    0.992,    0.207,    0.649
   24.24,   24.83,  10.0,    0.993,    0.199,    0.659
   24.26,   22.87,  10.0,    0.994,    0.192,    0.668
   24.29,   20.88,  10.0,    0.994,    0.184,    0.677
   24.31,   18.88,  10.0,    0.994,    0.178,    0.685
   24.34,   16.87,  10.0,    0.994,    0.171,    0.692
   24.36,   14.86,  10.0,    0.994,    0.165,    0.699
   24.39,   12.86,  10.0,    0.993,    0.159,    0.706
   24.41,   10.86,  10.0,    0.993,    0.153,    0.712
   24.44,    8.88,  10.0,    0.992,    0.147,    0.718
   24.46,    6.92,  10.0,    0.991,    0.142,    0.723
   24.49,    4.97,  10.0,     0.99,    0.137,    0.728
   24.51,    3.05,  10.0,    0.989,    0.132,    0.733
   24.54,    1.14,  10.0,    0.987,    0.127,    0.737
   24.56,   -0.73,  10.0,    0.985,    0.123,    0.741
   24.59,   -2.59,  10.0,    0.984,    0.118,    0.745
   24.61,   -4.41,  10.0,    0.981,    0.114,    0.749
   24.64,   -6.21,  10.0,    0.979,     0.11,    0.752
   24.66,   -7.99,  10.0,    0.976,    0.107,    0.755
   24.69,   -9.74,  10.0,    0.973,    0.103,    0.757
   24.71,  -11.46,  10.0,     0.97,   0.0996,     0.76
   24.74,  -13.16,  10.0,    0.966,   0.0963,    0.762
   24.76,  -14.84,  10.0,    0.961,   0.0933,    0.764
   24.79,  -16.49,  10.0,    0.957,   0.0904,    0.765
   24.81,  -18.11,  10.0,    0.951,   0.0877,    0.767
   24.84,  -19.72,  10.0,    0.945,   0.0852,    0.768
   24.86,  -21.31,  10.0,    0.939,   0.0828,    0.769
   24.89,  -22.87,  10.0,    0.932,   0.0806,     0.77
   24.91,  -24.42,  10.0,    0.924,   0.0786,    0.771
   24.94,  -25.96,  10.0,    0.915,   0.0768,    0.772
   24.99,  -30.42,  10.0,    0.896,   0.0734,    0.772
   25.04,  -33.60,  10.0,     0.87,   0.0709,    0.772
   25.09,  -36.78,  10.0,    0.839,   0.0691,    0.772
   25.14,  -40.05,  10.0,    0.802,   0.0679,     0.77
   25.19,  -43.45,  10.0,    0.758,   0.0674,    0.768
   25.24,  -47.04,  10.0,    0.706,   0.0676,    0.766
   25.29,  -50.82,  10.0,    0.646,   0.0684,    0.762
   25.34,  -54.75,  10.0,    0.575,   0.0699,    0.759
   25.39,  -58.65,  10.0,    0.495,   0.0722,    0.754
   25.44,  -62.25,  10.0,    0.409,   0.0753,    0.749
   25.49,  -65.23,  10.0,    0.321,   0.0791,    0.744
   25.59,  -70.33,  10.0,    0.173,   0.0883,    0.732
   25.69,  -70.56,  10.0,   0.0747,      0.1,    0.719
   25.79,  -70.52,  10.0,   0.0421,    0.112,    0.707
   25.89,  -70.43,  10.0,   0.0319,    0.124,    0.694
   25.99,  -70.32,  10.0,   0.0288,    0.136,    0.682
   26.09,  -70.20,  10.0,   0.0281,    0.147,    0.671
   26.19,  -70.08,  10.0,   0.0282,    0.158,    0.659
   26.29,  -69.95,  10.0,   0.0285,    0.169,    0.649
   26.39,  -69.82,  10.0,   0.0289,    0.179,    0.638
   26.49,  -69.68,  10.0,   0.0293,    0.189,    0.628
   26.59,  -69.53,  10.0,   0.0298,    0.199,    0.618
   26.69,  -69.38,  10.0,   0.0304,    0.208,    0.608
   26.79,  -69.23,  10.0,   0.0309,    0.218,    0.599
   26.89,  -69.06,  10.0,   0.0315,    0.227,     0.59
   26.99,  -68.90,  10.0,   0.0321,    0.236,    0.581
   27.09,  -68.72,  10.0,   0.0327,    0.244,    0.572
   27.19,  -68.55,  10.0,   0.0334,    0.253,    0.564
   27.29,  -68.36,  10.0,   0.0341,    0.261,    0.556
   27.39,  -68.17,  10.0,   0.0349,    0.268,    0.549
   27.49,  -67.98,  10.0,   0.0357,    0.276,    0.541
   27.59,  -67.78,  10.0,   0.0365,    0.283,    0.534
   27.69,  -67.58,  10.0,   0.0374,     0.29,    0.527
   27.79,  -67.37,  10.0,   0.0383,    0.297,    0.521
   27.89,  -67.16,  10.0,   0.0392,    0.304,    0.514
   27.99,  -66.95,  10.0,   0.0402,     0.31,    0.508
   28.09,  -66.73,  10.0,   0.0413,    0.316,    0.502
   28.19,  -66.51,  10.0,   0.0423,    0.322,    0.496
   28.29,  -66.28,  10.0,   0.0434,    0.328,    0.491
   28.39,  -66.05,  10.0,   0.0446,    0.333,    0.486
   28.49,  -65.82,  10.0,   0.0458,    0.339,    0.481
   28.59,  -65.58,  10.0,   0.0471,    0.344,    0.476
   28.69,  -65.34,  10.0,   0.0484,    0.348,    0.472
   28.79,  -65.10,  10.0,   0.0497,    0.353,    0.467
   28.89,  -64.86,  10.0,   0.0511,    0.357,    0.463
   28.99,  -64.62,  10.0,   0.0526,    0.361,    0.459
   29.09,  -64.37,  10.0,   0.0541,    0.365,    0.455
   29.19,  -64.12,  10.0,   0.0556,    0.369,    0.452
   29.29,  -63.87,  10.0,   0.0572,    0.372,    0.449
   29.39,  -63.62,  10.0,   0.0589,    0.376,    0.445
   29.49,  -63.37,  10.0,   0.0606,    0.379,    0.443
   29.59,  -63.12,  10.0,   0.0623,    0.382,     0.44
   29.69,  -62.86,  10.0,   0.0641,    0.384,    0.437
   29.79,  -62.61,  10.0,    0.066,    0.387,    0.435
   29.89,  -62.35,  10.0,   0.0679,    0.389,    0.433
   29.99,  -62.09,  10.0,   0.0699,    0.391,     0.43
   30.09,  -61.83,  10.0,    0.072,    0.393,    0.429
   30.19,  -61.56,  10.0,   0.0741,    0.394,    0.427
   30.29,  -61.30,  10.0,   0.0763,    0.396,    0.425
   30.39,  -61.03,  10.0,   0.0785,    0.397,    0.424
   30.49,  -60.76,  10.0,   0.0809,    0.398,    0.423
   30.59,  -60.48,  10.0,   0.0833,    0.399,    0.421
   30.69,  -60.20,  10.0,   0.0858,      0.4,    0.421
   30.79,  -59.92,  10.0,   0.0884,      0.4,     0.42
   30.89,  -59.63,  10.0,   0.0911,    0.401,    0.419
   30.99,  -59.34,  10.0,   0.0939,    0.401,    0.419
   31.09,  -59.03,  10.0,   0.0968,    0.401,    0.418
   31.19,  -58.72,  10.0,   0.0999,      0.4,    0.418
   31.29,  -58.39,  10.0,    0.103,      0.4,    0.418
   31.39,  -58.05,  10.0,    0.107,    0.399,    0.418
   31.49,  -57.70,  10.0,     0.11,    0.398,    0.418
   31.59,  -57.32,  10.0,    0.114,    0.397,    0.419
   31.69,  -56.92,  10.0,    0.119,    0.395,    0.419
   31.79,  -56.48,  10.0,    0.123,    0.394,     0.42
   31.89,  -56.01,  10.0,    0.128,    0.392,    0.421
   31.99,  -55.48,  10.0,    0.134,    0.389,    0.422
   32.09,  -54.88,  10.0,     0.14,    0.387,    0.424
   32.19,  -54.20,  10.0,    0.147,    0.384,    0.426
   32.29,  -53.38,  10.0,    0.156,     0.38,    0.427
   32.39,  -52.38,  10.0,    0.166,    0.376,     0.43
   32.49,  -51.12,  10.0,    0.179,    0.371,    0.433
   32.59,  -49.42,  10.0,    0.195,    0.365,    0.436
   32.69,  -47.02,  10.0,    0.217,    0.358,     0.44
   32.79,  -43.30,  10.0,    0.247,    0.348,    0.446
   32.89,  -36.90,  10.0,    0.295,    0.335,    0.454
   32.99,  -24.20,  10.0,    0.375,    0.314,    0.465
   33.01,  -21.15,  10.0,    0.415,    0.306,     0.47
   33.04,  -17.12,  10.0,    0.457,    0.297,    0.476
   33.06,  -12.05,  10.0,    0.503,    0.287,    0.482
   33.09,   -5.98,  10.0,    0.553,    0.278,     0.49
   33.11,    0.94,  10.0,    0.607,    0.268,    0.498
   33.14,    8.29,  10.0,    0.664,    0.258,    0.507
   33.16,   15.42,  10.0,    0.721,    0.249,    0.518
   33.19,   21.56,  10.0,    0.776,     0.24,     0.53
   33.21,   26.11,  10.0,    0.824,    0.231,    0.542
   33.24,   28.90,  10.0,    0.865,    0.222,    0.555
   33.26,   30.15,  10.0,    0.897,    0.214,    0.569
   33.29,   30.26,  10.0,    0.922,    0.206,    0.581
   33.31,   29.62,  10.0,    0.941,    0.199,    0.594
   33.34,   28.50,  10.0,    0.954,    0.191,    0.606
   33.36,   27.07,  10.0,    0.965,    0.184,    0.617
   33.39,   25.43,  10.0,    0.972,    0.177,    0.628
   33.41,   23.66,  10.0,    0.978,    0.171,    0.638
   33.44,   21.78,  10.0,    0.982,    0.165,    0.648
   33.46,   19.83,  10.0,    0.985,    0.158,    0.657
   33.49,   17.83,  10.0,    0.987,    0.153,    0.665
   33.51,   15.80,  10.0,    0.988,    0.147,    0.673
   33.54,   13.75,  10.0,    0.989,    0.142,    0.681
   33.56,   11.69,  10.0,    0.989,    0.136,    0.688
   33.59,    9.63,  10.0,    0.989,    0.131,    0.694
   33.61,    7.58,  10.0,    0.989,    0.127,    0.701
   33.64,    5.55,  10.0,    0.988,    0.122,    0.706
   33.66,    3.53,  10.0,    0.987,    0.118,    0.711
   33.69,    1.54,  10.0,    0.986,    0.113,    0.716
   33.71,   -0.43,  10.0,    0.985,    0.109,    0.721
   33.74,   -2.37,  10.0,    0.983,    0.106,    0.725
   33.76,   -4.28,  10.0,    0.981,    0.102,    0.729
   33.79,   -6.16,  10.0,    0.979,   0.0984,    0.733
   33.81,   -8.01,  10.0,    0.976,    0.095,    0.736
   33.84,   -9.83,  10.0,    0.973,   0.0919,    0.739
   33.86,  -11.62,  10.0,    0.969,   0.0889,    0.742
   33.89,  -13.38,  10.0,    0.965,    0.086,    0.744
   33.91,  -15.11,  10.0,    0.961,   0.0833,    0.746
   33.94,  -16.82,  10.0,    0.956,   0.0808,    0.748
   33.96,  -18.49,  10.0,    0.951,   0.0784,     0.75
   33.99,  -20.14,  10.0,    0.945,   0.0762,    0.752
   34.01,  -21.76,  10.0,    0.938,   0.0741,    0.753
   34.06,  -26.39,  10.0,    0.923,   0.0704,    0.755
   34.11,  -29.66,  10.0,    0.902,   0.0674,    0.756
   34.16,  -32.83,  10.0,    0.877,   0.0651,    0.757
   34.21,  -35.99,  10.0,    0.847,   0.0634,    0.757
   34.26,  -39.19,  10.0,    0.811,   0.0623,    0.756
   34.31,  -42.50,  10.0,    0.769,   0.0618,    0.754
   34.36,  -45.96,  10.0,     0.72,   0.0619,    0.752
   34.41,  -49.58,  10.0,    0.663,   0.0626,    0.749
   34.46,  -53.33,  10.0,    0.596,    0.064,    0.746
   34.51,  -57.12,  10.0,     0.52,   0.0661,    0.742
   34.56,  -60.72,  10.0,    0.437,   0.0689,    0.738
   34.61,  -63.85,  10.0,    0.352,   0.0725,    0.733
   34.71,  -69.65,  10.0,    0.201,    0.081,    0.722
   34.81,  -70.38,  10.0,   0.0884,   0.0928,    0.709
   34.91,  -70.42,  10.0,   0.0471,    0.105,    0.697
   35.01,  -70.33,  10.0,   0.0338,    0.117,    0.685
   35.11,  -70.22,  10.0,   0.0297,    0.128,    0.673
   35.21,  -70.10,  10.0,   0.0286,     0.14,    0.662
   35.31,  -69.98,  10.0,   0.0286,    0.151,    0.651
   35.41,  -69.85,  10.0,   0.0288,    0.161,     0.64
   35.51,  -69.71,  10.0,   0.0293,    0.172,     0.63
   35.61,  -69.56,  10.0,   0.0297,    0.182,     0.62
   35.71,  -69.41,  10.0,   0.0302,    0.192,     0.61
   35.81,  -69.26,  10.0,   0.0308,    0.201,    0.601
   35.91,  -69.10,  10.0,   0.0314,    0.211,    0.592
   36.01,  -68.93,  10.0,    0.032,     0.22,    0.583
   36.11,  -68.76,  10.0,   0.0326,    0.229,    0.574
   36.21,  -68.59,  10.0,   0.0333,    0.237,    0.566
   36.31,  -68.40,  10.0,    0.034,    0.246,    0.558
   36.41,  -68.22,  10.0,   0.0347,    0.254,     0.55
   36.51,  -68.02,  10.0,   0.0355,    0.262,    0.543
   36.61,  -67.83,  10.0,   0.0363,    0.269,    0.536
   36.71,  -67.63,  10.0,   0.0372,    0.277,    0.529
   36.81,  -67.42,  10.0,   0.0381,    0.284,    0.522
   36.91,  -67.21,  10.0,    0.039,    0.291,    0.515
   37.01,  -67.00,  10.0,     0.04,    0.297,    0.509
   37.11,  -66.78,  10.0,    0.041,    0.304,    0.503
   37.21,  -66.56,  10.0,   0.0421,     0.31,    0.498
   37.31,  -66.33,  10.0,   0.0432,    0.316,    0.492
   37.41,  -66.10,  10.0,   0.0443,    0.321,    0.487
   37.51,  -65.87,  10.0,   0.0455,    0.327,    0.482
   37.61,  -65.64,  10.0,   0.0468,    0.332,    0.477
   37.71,  -65.40,  10.0,   0.0481,    0.337,    0.472
   37.81,  -65.16,  10.0,   0.0494,    0.342,    0.468
   37.91,  -64.92,  10.0,   0.0508,    0.346,    0.464
   38.01,  -64.68,  10.0,   0.0522,    0.351,     0.46
   38.11,  -64.43,  10.0,   0.0537,    0.355,    0.456
   38.21,  -64.19,  10.0,   0.0552,    0.359,    0.453
   38.31,  -63.94,  10.0,   0.0568,    0.362,    0.449
   38.41,  -63.69,  10.0,   0.0585,    0.366,    0.446
   38.51,  -63.44,  10.0,   0.0601,    0.369,    0.443
   38.61,  -63.18,  10.0,   0.0619,    0.372,     0.44
   38.71,  -62.93,  10.0,   0.0637,    0.375,    0.438
   38.81,  -62.68,  10.0,   0.0655,    0.378,    0.435
   38.91,  -62.42,  10.0,   0.0674,     0.38,    0.433
   39.01,  -62.16,  10.0,   0.0694,    0.382,    0.431
   39.11,  -61.90,  10.0,   0.0714,    0.385,    0.429
   39.21,  -61.64,  10.0,   0.0735,    0.386,    0.427
   39.31,  -61.38,  10.0,   0.0756,    0.388,    0.425
   39.41,  -61.11,  10.0,   0.0779,     0.39,    0.424
   39.51,  -60.84,  10.0,   0.0801,    0.391,    0.423
   39.61,  -60.57,  10.0,   0.0825,    0.392,    0.422
   39.71,  -60.30,  10.0,    0.085,    0.393,    0.421
   39.81,  -60.02,  10.0,   0.0875,    0.393,     0.42
   39.91,  -59.74,  10.0,   0.0902,    0.394,    0.419
   40.01,  -59.45,  10.0,   0.0929,    0.394,    0.419
   40.11,  -59.15,  10.0,   0.0958,    0.394,    0.418
   40.21,  -58.84,  10.0,   0.0988,    0.394,    0.418
   40.31,  -58.53,  10.0,    0.102,    0.394,    0.418
   40.41,  -58.20,  10.0,    0.105,    0.393,    0.418
   40.51,  -57.86,  10.0,    0.109,    0.393,    0.418
   40.61,  -57.50,  10.0,    0.113,    0.392,    0.418
   40.71,  -57.11,  10.0,    0.117,     0.39,    0.419
   40.81,  -56.70,  10.0,    0.121,    0.389,     0.42
   40.91,  -56.26,  10.0,    0.126,    0.387,    0.421
   41.01,  -55.77,  10.0,    0.131,    0.385,    0.422
   41.11,  -55.22,  10.0,    0.137,    0.383,    0.423
   41.21,  -54.60,  10.0,    0.144,     0.38,    0.424
   41.31,  -53.88,  10.0,    0.151,    0.377,    0.426
   41.41,  -53.02,  10.0,     0.16,    0.373,    0.428
   41.51,  -51.95,  10.0,    0.171,    0.369,    0.431
   41.61,  -50.58,  10.0,    0.185,    0.364,    0.434
   41.71,  -48.71,  10.0,    0.202,    0.358,    0.438
   41.81,  -45.99,  10.0,    0.226,     0.35,    0.442
   41.91,  -41.68,  10.0,    0.261,     0.34,    0.448
   42.01,  -33.95,  10.0,    0.316,    0.325,    0.457
   42.06,  -28.81,  10.0,    0.366,    0.313,    0.464
   42.11,  -20.97,  10.0,    0.428,    0.298,    0.472
   42.14,  -16.66,  10.0,    0.469,    0.289,    0.478
   42.16,  -11.38,  10.0,    0.515,     0.28,    0.484
   42.19,   -5.16,  10.0,    0.565,    0.271,    0.492
   42.21,    1.80,  10.0,    0.619,    0.261,      0.5
   42.24,    9.08,  10.0,    0.675,    0.252,     0.51
   42.26,   16.02,  10.0,    0.731,    0.243,    0.521
   42.29,   21.87,  10.0,    0.784,    0.234,    0.532
   42.31,   26.13,  10.0,    0.831,    0.225,    0.545
   42.34,   28.68,  10.0,     0.87,    0.217,    0.558
   42.36,   29.76,  10.0,    0.901,    0.209,    0.571
   42.39,   29.76,  10.0,    0.924,    0.201,    0.584
   42.41,   29.06,  10.0,    0.942,    0.194,    0.596
   42.44,   27.89,  10.0,    0.956,    0.187,    0.608
   42.46,   26.43,  10.0,    0.966,     0.18,    0.619
   42.49,   24.77,  10.0,    0.973,    0.173,     0.63
   42.51,   22.97,  10.0,    0.978,    0.167,     0.64
   42.54,   21.07,  10.0,    0.982,     0.16,    0.649
   42.56,   19.11,  10.0,    0.985,    0.155,    0.658
   42.59,   17.10,  10.0,    0.987,    0.149,    0.666
   42.61,   15.05,  10.0,    0.988,    0.143,    0.674
   42.64,   12.99,  10.0,    0.989,    0.138,    0.682
   42.66,   10.93,  10.0,    0.989,    0.133,    0.688
   42.69,    8.87,  10.0,    0.989,    0.128,    0.695
   42.71,    6.82,  10.0,    0.989,    0.124,    0.701
   42.74,    4.78,  10.0,    0.988,    0.119,    0.706
   42.76,    2.77,  10.0,    0.987,    0.115,    0.712
   42.79,    0.78,  10.0,    0.986,    0.111,    0.716
   42.81,   -1.19,  10.0,    0.984,    0.107,    0.721
   42.84,   -3.12,  10.0,    0.982,    0.103,    0.725
   42.86,   -5.03,  10.0,     0.98,   0.0995,    0.729
   42.89,   -6.91,  10.0,    0.978,   0.0961,    0.732
   42.91,   -8.75,  10.0,    0.975,   0.0928,    0.736
   42.94,  -10.57,  10.0,    0.972,   0.0897,    0.738
   42.96,  -12.35,  10.0,    0.968,   0.0868,    0.741
   42.99,  -14.10,  10.0,    0.964,   0.0841,    0.743
   43.01,  -15.83,  10.0,    0.959,   0.0815,    0.746
   43.04,  -17.52,  10.0,    0.954,    0.079,    0.748
   43.06,  -19.19,  10.0,    0.948,   0.0767,    0.749
   43.09,  -20.83,  10.0,    0.942,   0.0746,    0.751
   43.11,  -22.45,  10.0,    0.935,   0.0727,    0.752
   43.16,  -27.03,  10.0,    0.919,    0.069,    0.754
   43.21,  -30.32,  10.0,    0.898,   0.0662,    0.755
   43.26,  -33.49,  10.0,    0.871,   0.0641,    0.756
   43.31,  -36.65,  10.0,     0.84,   0.0625,    0.755
   43.36,  -39.88,  10.0,    0.803,   0.0616,    0.754
   43.41,  -43.21,  10.0,     0.76,   0.0612,    0.753
   43.46,  -46.69,  10.0,    0.709,   0.0615,    0.751
   43.51,  -50.34,  10.0,     0.65,   0.0623,    0.748
   43.56,  -54.10,  10.0,    0.581,   0.0639,    0.744
   43.61,  -57.86,  10.0,    0.504,   0.0661,     0.74
   43.66,  -61.37,  10.0,     0.42,   0.0691,    0.736
   43.76,  -68.89,  10.0,     0.26,   0.0765,    0.725
   43.86,  -70.28,  10.0,    0.115,   0.0879,    0.713
   43.96,  -70.42,  10.0,   0.0563,   0.0999,    0.701
   44.06,  -70.36,  10.0,   0.0367,    0.112,    0.688
   44.16,  -70.26,  10.0,   0.0306,    0.123,    0.677
   44.26,  -70.14,  10.0,   0.0288,    0.135,    0.665
   44.36,  -70.02,  10.0,   0.0285,    0.146,    0.654
   44.46,  -69.89,  10.0,   0.0287,    0.157,    0.643
   44.56,  -69.75,  10.0,   0.0291,    0.167,    0.633
   44.66,  -69.61,  10.0,   0.0296,    0.178,    0.623
   44.76,  -69.46,  10.0,   0.0301,    0.188,    0.613
   44.86,  -69.31,  10.0,   0.0306,    0.197,    0.604
   44.96,  -69.15,  10.0,   0.0312,    0.207,    0.594
   45.06,  -68.98,  10.0,   0.0318,    0.216,    0.585
   45.16,  -68.82,  10.0,   0.0324,    0.225,    0.577
   45.26,  -68.64,  10.0,   0.0331,    0.234,    0.568
   45.36,  -68.46,  10.0,   0.0338,    0.242,     0.56
   45.46,  -68.27,  10.0,   0.0345,     0.25,    0.553
   45.56,  -68.08,  10.0,   0.0353,    0.258,    0.545
   45.66,  -67.89,  10.0,   0.0361,    0.266,    0.538
   45.76,  -67.69,  10.0,   0.0369,    0.274,    0.531
   45.86,  -67.48,  10.0,   0.0378,    0.281,    0.524
   45.96,  -67.28,  10.0,   0.0387,    0.288,    0.517
   46.06,  -67.06,  10.0,   0.0397,    0.294,    0.511
   46.16,  -66.85,  10.0,   0.0407,    0.301,    0.505
   46.26,  -66.62,  10.0,   0.0417,    0.307,    0.499
   46.36,  -66.40,  10.0,   0.0428,    0.313,    0.494
   46.46,  -66.17,  10.0,    0.044,    0.319,    0.489
   46.56,  -65.94,  10.0,   0.0452,    0.324,    0.483
   46.66,  -65.71,  10.0,   0.0464,     0.33,    0.479
   46.76,  -65.47,  10.0,   0.0477,    0.335,    0.474
   46.86,  -65.24,  10.0,    0.049,     0.34,    0.469
   46.96,  -64.99,  10.0,   0.0504,    0.344,    0.465
   47.06,  -64.75,  10.0,   0.0518,    0.349,    0.461
   47.16,  -64.51,  10.0,   0.0532,    0.353,    0.457
   47.26,  -64.26,  10.0,   0.0548,    0.357,    0.454
   47.36,  -64.01,  10.0,   0.0563,    0.361,     0.45
   47.46,  -63.76,  10.0,   0.0579,    0.364,    0.447
   47.56,  -63.51,  10.0,   0.0596,    0.368,    0.444
   47.66,  -63.26,  10.0,   0.0613,    0.371,    0.441
   47.76,  -63.01,  10.0,   0.0631,    0.374,    0.438
   47.86,  -62.75,  10.0,   0.0649,    0.376,    0.436
   47.96,  -62.50,  10.0,   0.0668,    0.379,    0.434
   48.06,  -62.24,  10.0,   0.0688,    0.381,    0.431
   48.16,  -61.98,  10.0,   0.0708,    0.383,    0.429
   48.26,  -61.72,  10.0,   0.0728,    0.385,    0.428
   48.36,  -61.46,  10.0,    0.075,    0.387,    0.426
   48.46,  -61.20,  10.0,   0.0772,    0.389,    0.424
   48.56,  -60.93,  10.0,   0.0794,     0.39,    0.423
   48.66,  -60.66,  10.0,   0.0818,    0.391,    0.422
   48.76,  -60.39,  10.0,   0.0842,    0.392,    0.421
   48.86,  -60.11,  10.0,   0.0867,    0.393,     0.42
   48.96,  -59.83,  10.0,   0.0893,    0.393,    0.419
   49.06,  -59.54,  10.0,    0.092,    0.394,    0.419
   49.16,  -59.24,  10.0,   0.0949,    0.394,    0.418
   49.26,  -58.94,  10.0,   0.0978,    0.394,    0.418
   49.36,  -58.63,  10.0,    0.101,    0.394,    0.418
   49.46,  -58.31,  10.0,    0.104,    0.393,    0.418
   49.56,  -57.97,  10.0,    0.108,    0.392,    0.418
   49.66,  -57.61,  10.0,    0.111,    0.392,    0.418
   49.76,  -57.24,  10.0,    0.115,     0.39,    0.419
   49.86,  -56.84,  10.0,     0.12,    0.389,    0.419
   49.96,  -56.41,  10.0,    0.124,    0.387,     0.42
   50.06,  -55.94,  10.0,    0.129,    0.386,    0.421
   50.16,  -55.41,  10.0,    0.135,    0.383,    0.422
   50.26,  -54.82,  10.0,    0.141,    0.381,    0.424
   50.36,  -54.14,  10.0,    0.148,    0.378,    0.426
   50.46,  -53.33,  10.0,    0.157,    0.374,    0.428
   50.56,  -52.34,  10.0,    0.167,     0.37,     0.43
   50.66,  -51.09,  10.0,     0.18,    0.365,    0.433
   50.76,  -49.42,  10.0,    0.196,     0.36,    0.436
   50.86,  -47.05,  10.0,    0.217,    0.352,    0.441
   50.96,  -43.41,  10.0,    0.248,    0.343,    0.446
   51.06,  -37.18,  10.0,    0.294,     0.33,    0.454
   51.16,  -24.94,  10.0,    0.372,     0.31,    0.465
   51.19,  -22.00,  10.0,    0.411,    0.302,     0.47
   51.21,  -18.12,  10.0,    0.452,    0.293,    0.476
   51.24,  -13.26,  10.0,    0.497,    0.284,    0.482
   51.26,   -7.41,  10.0,    0.546,    0.275,    0.489
   51.29,   -0.70,  10.0,    0.598,    0.265,    0.497
   51.31,    6.52,  10.0,    0.654,    0.256,    0.506
   51.34,   13.66,  10.0,    0.711,    0.247,    0.516
   51.36,   19.98,  10.0,    0.765,    0.237,    0.528
   51.39,   24.85,  10.0,    0.815,    0.229,     0.54
   51.41,   28.00,  10.0,    0.857,     0.22,    0.553
   51.44,   29.56,  10.0,     0.89,    0.212,    0.566
   51.46,   29.91,  10.0,    0.917,    0.204,    0.579
   51.49,   29.42,  10.0,    0.937,    0.197,    0.591
   51.51,   28.40,  10.0,    0.951,    0.189,    0.603
   51.54,   27.03,  10.0,    0.962,    0.182,    0.615
   51.56,   25.43,  10.0,    0.971,    0.176,    0.626
   51.59,   23.67,  10.0,    0.976,    0.169,    0.636
   51.61,   21.81,  10.0,    0.981,    0.163,    0.646
   51.64,   19.87,  10.0,    0.984,    0.157,    0.655
   51.66,   17.87,  10.0,    0.986,    0.151,    0.663
   51.69,   15.84,  10.0,    0.988,    0.146,    0.671
   51.71,   13.78,  10.0,    0.988,     0.14,    0.679
   51.74,   11.72,  10.0,    0.989,    0.135,    0.686
   51.76,    9.66,  10.0,    0.989,     0.13,    0.693
   51.79,    7.60,  10.0,    0.989,    0.125,    0.699
   51.81,    5.56,  10.0,    0.988,    0.121,    0.705
   51.84,    3.54,  10.0,    0.987,    0.117,     0.71
   51.86,    1.54,  10.0,    0.986,    0.112,    0.715
   51.89,   -0.44,  10.0,    0.985,    0.108,    0.719
   51.91,   -2.38,  10.0,    0.983,    0.105,    0.724
   51.94,   -4.30,  10.0,    0.981,    0.101,    0.728
   51.96,   -6.19,  10.0,    0.979,   0.0974,    0.731
   51.99,   -8.04,  10.0,    0.976,   0.0941,    0.734
   52.01,   -9.87,  10.0,    0.973,    0.091,    0.737
   52.04,  -11.67,  10.0,    0.969,    0.088,     0.74
   52.06,  -13.43,  10.0,    0.965,   0.0852,    0.743
   52.09,  -15.16,  10.0,    0.961,   0.0825,    0.745
   52.11,  -16.87,  10.0,    0.956,     0.08,    0.747
   52.14,  -18.55,  10.0,     0.95,   0.0777,    0.749
   52.16,  -20.20,  10.0,    0.944,   0.0755,     0.75
   52.19,  -21.83,  10.0,    0.938,   0.0735,    0.752
   52.24,  -26.44,  10.0,    0.923,   0.0697,    0.754
   52.29,  -29.73,  10.0,    0.902,   0.0668,    0.755
   52.34,  -32.90,  10.0,    0.876,   0.0645,    0.756
   52.39,  -36.06,  10.0,    0.846,   0.0628,    0.755
   52.44,  -39.27,  10.0,    0.811,   0.0618,    0.755
   52.49,  -42.57,  10.0,    0.768,   0.0613,    0.753
   52.54,  -46.02,  10.0,    0.719,   0.0614,    0.751
   52.59,  -49.64,  10.0,    0.661,   0.0622,    0.748
   52.64,  -53.39,  10.0,    0.595,   0.0636,    0.745
   52.69,  -57.16,  10.0,    0.519,   0.0657,    0.741
   52.74,  -60.74,  10.0,    0.436,   0.0685,    0.736
   52.79,  -63.85,  10.0,    0.351,   0.0721,    0.731
   52.89,  -69.62,  10.0,      0.2,   0.0807,     0.72
   52.99,  -70.37,  10.0,   0.0884,   0.0924,    0.708
   53.09,  -70.41,  10.0,   0.0472,    0.104,    0.696
   53.19,  -70.32,  10.0,   0.0338,    0.116,    0.684
   53.29,  -70.21,  10.0,   0.0297,    0.128,    0.672
   53.39,  -70.09,  10.0,   0.0287,    0.139,    0.661
   53.49,  -69.97,  10.0,   0.0286,     0.15,     0.65
   53.59,  -69.83,  10.0,   0.0289,    0.161,    0.639
   53.69,  -69.70,  10.0,   0.0293,    0.171,    0.629
   53.79,  -69.55,  10.0,   0.0298,    0.182,    0.619
   53.89,  -69.40,  10.0,   0.0303,    0.191,    0.609
   53.99,  -69.25,  10.0,   0.0308,    0.201,      0.6
   54.09,  -69.09,  10.0,   0.0314,     0.21,    0.591
   54.19,  -68.92,  10.0,    0.032,     0.22,    0.582
   54.29,  -68.75,  10.0,   0.0327,    0.228,    0.573
   54.39,  -68.57,  10.0,   0.0333,    0.237,    0.565
   54.49,  -68.39,  10.0,    0.034,    0.245,    0.557
   54.59,  -68.20,  10.0,   0.0348,    0.254,     0.55
   54.69,  -68.01,  10.0,   0.0356,    0.261,    0.542
   54.79,  -67.81,  10.0,   0.0364,    0.269,    0.535
   54.89,  -67.61,  10.0,   0.0373,    0.276,    0.528
   54.99,  -67.40,  10.0,   0.0382,    0.283,    0.521
   55.09,  -67.19,  10.0,   0.0391,     0.29,    0.515
   55.19,  -66.98,  10.0,   0.0401,    0.297,    0.509
   55.29,  -66.76,  10.0,   0.0411,    0.303,    0.503
   55.39,  -66.54,  10.0,   0.0422,    0.309,    0.497
   55.49,  -66.31,  10.0,   0.0433,    0.315,    0.492
   55.59,  -66.08,  10.0,   0.0444,    0.321,    0.486
   55.69,  -65.85,  10.0,   0.0456,    0.326,    0.481
   55.79,  -65.62,  10.0,   0.0469,    0.332,    0.477
   55.89,  -65.38,  10.0,   0.0482,    0.337,    0.472
   55.99,  -65.14,  10.0,   0.0495,    0.341,    0.468
   56.09,  -64.90,  10.0,   0.0509,    0.346,    0.464
   56.19,  -64.66,  10.0,   0.0523,     0.35,     0.46
   56.29,  -64.41,  10.0,   0.0538,    0.354,    0.456
   56.39,  -64.17,  10.0,   0.0554,    0.358,    0.452
   56.49,  -63.92,  10.0,   0.0569,    0.362,    0.449
   56.59,  -63.67,  10.0,   0.0586,    0.365,    0.446
   56.69,  -63.42,  10.0,   0.0603,    0.369,    0.443
   56.79,  -63.16,  10.0,    0.062,    0.372,     0.44
   56.89,  -62.91,  10.0,   0.0638,    0.375,    0.437
   56.99,  -62.66,  10.0,   0.0657,    0.377,    0.435
   57.09,  -62.40,  10.0,   0.0676,     0.38,    0.433
   57.19,  -62.14,  10.0,   0.0695,    0.382,    0.431
   57.29,  -61.88,  10.0,   0.0716,    0.384,    0.429
   57.39,  -61.62,  10.0,   0.0736,    0.386,    0.427
   57.49,  -61.36,  10.0,   0.0758,    0.388,    0.425
   57.59,  -61.09,  10.0,    0.078,    0.389,    0.424
   57.69,  -60.82,  10.0,   0.0803,     0.39,    0.423
   57.79,  -60.55,  10.0,   0.0827,    0.391,    0.421
   57.89,  -60.28,  10.0,   0.0852,    0.392,    0.421
   57.99,  -60.00,  10.0,   0.0877,    0.393,     0.42
   58.09,  -59.72,  10.0,   0.0904,    0.393,    0.419
   58.19,  -59.42,  10.0,   0.0931,    0.394,    0.418
   58.29,  -59.13,  10.0,    0.096,    0.394,    0.418
   58.39,  -58.82,  10.0,    0.099,    0.394,    0.418
   58.49,  -58.51,  10.0,    0.102,    0.393,    0.418
   58.59,  -58.18,  10.0,    0.106,    0.393,    0.418
   58.69,  -57.83,  10.0,    0.109,    0.392,    0.418
   58.79,  -57.47,  10.0,    0.113,    0.391,    0.418
   58.89,  -57.09,  10.0,    0.117,     0.39,    0.419
   58.99,  -56.68,  10.0,    0.121,    0.388,     0.42
   59.09,  -56.23,  10.0,    0.126,    0.387,    0.421
   59.19,  -55.74,  10.0,    0.131,    0.385,    0.422
   59.29,  -55.19,  10.0,    0.137,    0.382,    0.423
   59.39,  -54.57,  10.0,    0.144,     0.38,    0.425
   59.49,  -53.84,  10.0,    0.152,    0.376,    0.426
   59.59,  -52.97,  10.0,    0.161,    0.373,    0.429
   59.69,  -51.89,  10.0,    0.172,    0.368,    0.431
   59.79,  -50.50,  10.0,    0.185,    0.363,    0.434
   59.89,  -48.61,  10.0,    0.203,    0.357,    0.438
   59.99,  -45.84,  10.0,    0.228,    0.349,    0.443
   60.09,  -41.43,  10.0,    0.263,    0.339,    0.449
   60.19,  -33.48,  10.0,    0.319,    0.323,    0.457
   60.24,  -28.19,  10.0,     0.37,    0.311,    0.464
   60.29,  -20.09,  10.0,    0.434,    0.296,    0.473
   60.31,  -15.66,  10.0,    0.477,    0.288,    0.479
   60.34,  -10.24,  10.0,    0.523,    0.278,    0.486
   60.36,   -3.90,  10.0,    0.574,    0.269,    0.493
   60.39,    3.14,  10.0,    0.629,     0.26,    0.502
   60.41,   10.39,  10.0,    0.685,     0.25,    0.512
   60.44,   17.17,  10.0,    0.741,    0.241,    0.523
   60.46,   22.76,  10.0,    0.793,    0.232,    0.535
   60.49,   26.70,  10.0,    0.838,    0.224,    0.547
   60.51,   28.95,  10.0,    0.876,    0.215,     0.56
   60.54,   29.81,  10.0,    0.905,    0.207,    0.573
   60.56,   29.67,  10.0,    0.928,      0.2,    0.586
   60.59,   28.86,  10.0,    0.945,    0.192,    0.598
   60.61,   27.64,  10.0,    0.958,    0.185,     0.61
   60.64,   26.13,  10.0,    0.967,    0.178,    0.621
   60.66,   24.44,  10.0,    0.974,    0.172,    0.631
   60.69,   22.62,  10.0,    0.979,    0.165,    0.641
   60.71,   20.71,  10.0,    0.983,    0.159,    0.651
   60.74,   18.74,  10.0,    0.985,    0.153,     0.66
   60.76,   16.72,  10.0,    0.987,    0.148,    0.668
   60.79,   14.67,  10.0,    0.988,    0.142,    0.676
   60.81,   12.61,  10.0,    0.989,    0.137,    0.683
   60.84,   10.54,  10.0,    0.989,    0.132,     0.69
   60.86,    8.48,  10.0,    0.989,    0.127,    0.696
   60.89,    6.43,  10.0,    0.988,    0.123,    0.702
   60.91,    4.40,  10.0,    0.988,    0.118,    0.707
   60.94,    2.39,  10.0,    0.987,    0.114,    0.713
   60.96,    0.41,  10.0,    0.985,     0.11,    0.717
   60.99,   -1.55,  10.0,    0.984,    0.106,    0.722
   61.01,   -3.48,  10.0,    0.982,    0.102,    0.726
   61.04,   -5.39,  10.0,     0.98,   0.0988,    0.729
   61.06,   -7.26,  10.0,    0.977,   0.0954,    0.733
   61.09,   -9.10,  10.0,    0.974,   0.0922,    0.736
   61.11,  -10.90,  10.0,    0.971,   0.0891,    0.739
   61.14,  -12.68,  10.0,    0.967,   0.0863,    0.741
   61.16,  -14.43,  10.0,    0.963,   0.0835,    0.744
   61.19,  -16.15,  10.0,    0.958,    0.081,    0.746
   61.21,  -17.84,  10.0,    0.953,   0.0786,    0.748
   61.24,  -19.50,  10.0,    0.947,   0.0763,    0.749
   61.26,  -21.14,  10.0,    0.941,   0.0742,    0.751
   61.31,  -25.80,  10.0,    0.926,   0.0704,    0.753
   61.36,  -29.09,  10.0,    0.906,   0.0673,    0.755
   61.41,  -32.26,  10.0,    0.882,   0.0649,    0.755
   61.46,  -35.41,  10.0,    0.853,   0.0631,    0.755
   61.51,  -38.61,  10.0,    0.818,   0.0619,    0.755
   61.56,  -41.89,  10.0,    0.777,   0.0613,    0.753
   61.61,  -45.30,  10.0,     0.73,   0.0613,    0.751
   61.66,  -48.88,  10.0,    0.674,    0.062,    0.749
   61.71,  -52.61,  10.0,    0.609,   0.0632,    0.746
   61.76,  -56.39,  10.0,    0.535,   0.0652,    0.742
   61.81,  -60.03,  10.0,    0.453,   0.0678,    0.737
   61.86,  -63.26,  10.0,    0.368,   0.0713,    0.732
   61.96,  -69.46,  10.0,    0.214,   0.0796,    0.722
   62.06,  -70.35,  10.0,   0.0944,   0.0912,    0.709
   62.16,  -70.41,  10.0,   0.0492,    0.103,    0.697
   62.26,  -70.33,  10.0,   0.0345,    0.115,    0.685
   62.36,  -70.22,  10.0,   0.0299,    0.127,    0.673
   62.46,  -70.10,  10.0,   0.0287,    0.138,    0.662
   62.56,  -69.98,  10.0,   0.0286,    0.149,    0.651
   62.66,  -69.85,  10.0,   0.0289,     0.16,     0.64
   62.76,  -69.71,  10.0,   0.0293,     0.17,     0.63
   62.86,  -69.56,  10.0,   0.0297,    0.181,     0.62
   62.96,  -69.42,  10.0,   0.0302,     0.19,     0.61
   63.06,  -69.26,  10.0,   0.0308,      0.2,    0.601
   63.16,  -69.10,  10.0,   0.0314,     0.21,    0.592
   63.26,  -68.93,  10.0,    0.032,    0.219,    0.583
   63.36,  -68.76,  10.0,   0.0326,    0.228,    0.574
   63.46,  -68.59,  10.0,   0.0333,    0.236,    0.566
   63.56,  -68.40,  10.0,    0.034,    0.245,    0.558
   63.66,  -68.22,  10.0,   0.0347,    0.253,     0.55
   63.76,  -68.03,  10.0,   0.0355,    0.261,    0.543
   63.86,  -67.83,  10.0,   0.0363,    0.268,    0.536
   63.96,  -67.63,  10.0,   0.0372,    0.276,    0.529
   64.06,  -67.42,  10.0,   0.0381,    0.283,    0.522
   64.16,  -67.21,  10.0,    0.039,     0.29,    0.516
   64.26,  -67.00,  10.0,     0.04,    0.296,    0.509
   64.36,  -66.78,  10.0,    0.041,    0.303,    0.503
   64.46,  -66.56,  10.0,   0.0421,    0.309,    0.498
   64.56,  -66.33,  10.0,   0.0432,    0.315,    0.492
   64.66,  -66.10,  10.0,   0.0443,     0.32,    0.487
   64.76,  -65.87,  10.0,   0.0455,    0.326,    0.482
   64.86,  -65.64,  10.0,   0.0468,    0.331,    0.477
   64.96,  -65.40,  10.0,   0.0481,    0.336,    0.473
   65.06,  -65.16,  10.0,   0.0494,    0.341,    0.468
   65.16,  -64.92,  10.0,   0.0508,    0.345,    0.464
   65.26,  -64.68,  10.0,   0.0522,     0.35,     0.46
   65.36,  -64.43,  10.0,   0.0537,    0.354,    0.456
   65.46,  -64.19,  10.0,   0.0552,    0.358,    0.453
   65.56,  -63.94,  10.0,   0.0568,    0.362,    0.449
   65.66,  -63.69,  10.0,   0.0584,    0.365,    0.446
   65.76,  -63.44,  10.0,   0.0601,    0.368,    0.443
