#time (msec), membrane voltage (mV), stimulus level (nA), m, h, n
    0.10,  -62.50,   0.0,   0.0709,    0.512,    0.355
    0.20,  -62.51,   0.0,   0.0708,    0.512,    0.355
    0.30,  -62.53,   0.0,   0.0707,    0.512,    0.355
    0.40,  -62.54,   0.0,   0.0706,    0.512,    0.355
    0.50,  -62.55,   0.0,   0.0705,    0.512,    0.355
    0.60,  -62.57,   0.0,   0.0704,    0.512,    0.355
    0.70,  -62.58,   0.0,   0.0703,    0.512,    0.355
    0.80,  -62.59,   0.0,   0.0702,    0.511,    0.355
    0.90,  -62.60,   0.0,   0.0701,    0.511,    0.355
    1.00,  -62.62,   0.0,     0.07,    0.511,    0.355
    1.10,  -62.63,   0.0,   0.0699,    0.511,    0.355
    1.20,  -62.64,   0.0,   0.0698,    0.511,    0.355
    1.30,  -62.66,   0.0,   0.0697,    0.511,    0.355
    1.40,  -62.67,   0.0,   0.0696,    0.511,    0.355
    1.50,  -62.68,   0.0,   0.0695,    0.512,    0.355
    1.60,  -62.70,   0.0,   0.0694,    0.512,    0.355
    1.70,  -62.71,   0.0,   0.0693,    0.512,    0.355
    1.80,  -62.72,   0.0,   0.0692,    0.512,    0.355
    1.90,  -62.73,   0.0,   0.0691,    0.512,    0.355
    2.00,  -62.74,   0.0,    0.069,    0.512,    0.355
    2.10,  -62.75,   0.0,   0.0689,    0.512,    0.355
    2.20,  -62.76,   0.0,   0.0688,    0.512,    0.355
    2.30,  -62.77,   0.0,   0.0687,    0.512,    0.355
    2.40,  -62.78,   0.0,   0.0687,    0.512,    0.355
    2.50,  -62.79,   0.0,   0.0686,    0.512,    0.355
    2.60,  -62.80,   0.0,   0.0685,    0.512,    0.355
    2.70,  -62.81,   0.0,   0.0684,    0.512,    0.354
    2.80,  -62.82,   0.0,   0.0684,    0.512,    0.354
    2.90,  -62.82,   0.0,   0.0683,    0.513,    0.354
    3.00,  -62.83,   0.0,   0.0682,    0.513,    0.354
    3.10,  -62.84,   0.0,   0.0682,    0.513,    0.354
    3.20,  -62.84,   0.0,   0.0681,    0.513,    0.354
    3.30,  -62.85,   0.0,   0.0681,    0.513,    0.354
    3.40,  -62.85,   0.0,    0.068,    0.513,    0.354
    3.50,  -62.86,   0.0,    0.068,    0.513,    0.354
    3.60,  -62.86,   0.0,    0.068,    0.513,    0.354
    3.70,  -62.87,   0.0,   0.0679,    0.513,    0.354
    3.80,  -62.87,   0.0,   0.0679,    0.514,    0.354
    3.90,  -62.87,   0.0,   0.0679,    0.514,    0.353
    4.00,  -62.87,   0.0,   0.0678,    0.514,    0.353
    4.10,  -62.88,   0.0,   0.0678,    0.514,    0.353
    4.20,  -62.88,   0.0,   0.0678,    0.514,    0.353
    4.30,  -62.88,   0.0,   0.0678,    0.514,    0.353
    4.40,  -62.88,   0.0,   0.0678,    0.514,    0.353
    4.50,  -62.88,   0.0,   0.0678,    0.514,    0.353
    4.60,  -62.88,   0.0,   0.0678,    0.515,    0.353
    4.70,  -62.88,   0.0,   0.0678,    0.515,    0.353
    4.80,  -62.87,   0.0,   0.0678,    0.515,    0.353
    4.90,  -62.87,   0.0,   0.0678,    0.515,    0.353
    5.00,  -62.87,   0.0,   0.0678,    0.515,    0.353
    5.10,  -62.87,   0.0,   0.0678,    0.515,    0.353
    5.20,  -62.71,   1.6,   0.0678,    0.515,    0.353
    5.30,  -62.55,   1.6,   0.0685,    0.515,    0.353
    5.40,  -62.40,   1.6,   0.0694,    0.515,    0.353
    5.50,  -62.24,   1.6,   0.0705,    0.515,    0.353
    5.60,  -62.09,   1.6,   0.0716,    0.514,    0.353
    5.70,  -61.94,   1.6,   0.0728,    0.514,    0.353
    5.80,  -61.79,   1.6,   0.0741,    0.514,    0.354
    5.90,  -61.64,   1.6,   0.0753,    0.513,    0.354
    6.00,  -61.49,   1.6,   0.0766,    0.512,    0.355
    6.10,  -61.34,   1.6,   0.0779,    0.512,    0.355
    6.20,  -61.19,   1.6,   0.0792,    0.511,    0.356
    6.30,  -61.04,   1.6,   0.0805,     0.51,    0.356
    6.40,  -60.89,   1.6,   0.0819,    0.509,    0.357
    6.50,  -60.74,   1.6,   0.0833,    0.508,    0.358
    6.60,  -60.58,   1.6,   0.0847,    0.506,    0.358
    6.70,  -60.43,   1.6,   0.0861,    0.505,    0.359
    6.80,  -60.27,   1.6,   0.0876,    0.504,     0.36
    6.90,  -60.11,   1.6,   0.0891,    0.502,    0.361
    7.00,  -59.95,   1.6,   0.0906,    0.501,    0.362
    7.10,  -59.78,   1.6,   0.0922,    0.499,    0.363
    7.20,  -59.62,   1.6,   0.0938,    0.497,    0.364
    7.30,  -59.45,   1.6,   0.0955,    0.495,    0.365
    7.40,  -59.27,   1.6,   0.0972,    0.494,    0.366
    7.50,  -59.09,   1.6,    0.099,    0.492,    0.368
    7.60,  -58.91,   1.6,    0.101,    0.489,    0.369
    7.70,  -58.72,   1.6,    0.103,    0.487,     0.37
    7.80,  -58.52,   1.6,    0.105,    0.485,    0.372
    7.90,  -58.31,   1.6,    0.107,    0.483,    0.373
    8.00,  -58.09,   1.6,    0.109,     0.48,    0.374
    8.10,  -57.85,   1.6,    0.112,    0.477,    0.376
    8.20,  -57.60,   1.6,    0.114,    0.475,    0.378
    8.30,  -57.33,   1.6,    0.117,    0.472,    0.379
    8.40,  -57.04,   1.6,     0.12,    0.469,    0.381
    8.50,  -56.72,   1.6,    0.123,    0.465,    0.383
    8.60,  -56.36,   1.6,    0.127,    0.462,    0.385
    8.70,  -55.95,   1.6,    0.131,    0.458,    0.387
    8.80,  -55.48,   1.6,    0.136,    0.454,    0.389
    8.90,  -54.93,   1.6,    0.142,     0.45,    0.392
    9.00,  -54.27,   1.6,    0.148,    0.446,    0.395
    9.10,  -53.45,   1.6,    0.156,    0.441,    0.397
    9.20,  -52.39,   1.6,    0.166,    0.435,    0.401
    9.30,  -50.98,   1.6,    0.179,    0.428,    0.404
    9.40,  -48.98,   1.6,    0.196,    0.421,    0.409
    9.50,  -45.93,   1.6,     0.22,    0.411,    0.414
    9.60,  -40.78,   1.6,    0.257,    0.398,    0.422
    9.70,  -30.77,   1.6,     0.32,    0.379,    0.432
    9.75,  -23.60,   1.6,    0.381,    0.362,    0.441
    9.77,  -19.37,   1.6,    0.422,    0.352,    0.446
    9.80,  -13.96,   1.6,    0.467,    0.342,    0.453
    9.82,   -7.29,   1.6,    0.518,     0.33,     0.46
    9.84,   -3.98,   1.6,    0.547,    0.325,    0.464
    9.85,   -0.40,   1.6,    0.576,    0.319,    0.469
    9.86,    3.41,   1.6,    0.607,    0.313,    0.474
    9.88,    7.36,   1.6,    0.637,    0.307,    0.479
    9.89,   11.35,   1.6,    0.668,    0.302,    0.485
    9.90,   15.27,   1.6,    0.699,    0.296,    0.491
    9.91,   19.00,   1.6,    0.729,    0.291,    0.497
    9.93,   22.44,   1.6,    0.758,    0.285,    0.504
    9.94,   25.48,   1.6,    0.785,     0.28,     0.51
    9.96,   31.15,   1.6,    0.834,     0.27,    0.524
    9.99,   34.05,   1.6,    0.875,     0.26,    0.539
   10.01,   34.98,   1.6,    0.907,     0.25,    0.553
   10.04,   34.74,   1.6,    0.931,    0.241,    0.568
   10.06,   33.86,   1.6,    0.949,    0.232,    0.581
   10.09,   32.61,   1.6,    0.962,    0.223,    0.594
   10.11,   31.13,   1.6,    0.971,    0.215,    0.607
   10.14,   29.49,   1.6,    0.977,    0.207,    0.619
   10.16,   27.74,   1.6,    0.982,    0.199,     0.63
   10.19,   25.89,   1.6,    0.986,    0.192,     0.64
   10.21,   23.98,   1.6,    0.988,    0.185,     0.65
   10.24,   22.02,   1.6,     0.99,    0.178,    0.659
   10.26,   20.02,   1.6,    0.991,    0.171,    0.668
   10.29,   18.00,   1.6,    0.992,    0.165,    0.676
   10.31,   15.97,   1.6,    0.992,    0.159,    0.684
   10.34,   13.93,   1.6,    0.992,    0.153,    0.691
   10.36,   11.89,   1.6,    0.992,    0.148,    0.698
   10.39,    9.86,   1.6,    0.991,    0.142,    0.704
   10.41,    7.84,   1.6,    0.991,    0.137,     0.71
   10.44,    5.84,   1.6,     0.99,    0.132,    0.716
   10.46,    3.86,   1.6,    0.989,    0.127,    0.721
   10.49,    1.90,   1.6,    0.987,    0.123,    0.725
   10.51,   -0.04,   1.6,    0.986,    0.118,     0.73
   10.54,   -1.95,   1.6,    0.984,    0.114,    0.734
   10.56,   -3.83,   1.6,    0.982,     0.11,    0.738
   10.59,   -5.68,   1.6,     0.98,    0.106,    0.741
   10.61,   -7.51,   1.6,    0.977,    0.103,    0.744
   10.64,   -9.31,   1.6,    0.974,   0.0993,    0.747
   10.66,  -11.08,   1.6,    0.971,    0.096,     0.75
   10.69,  -12.82,   1.6,    0.967,   0.0929,    0.752
   10.71,  -14.54,   1.6,    0.963,   0.0899,    0.754
   10.74,  -16.24,   1.6,    0.958,   0.0871,    0.756
   10.76,  -17.90,   1.6,    0.953,   0.0845,    0.758
   10.79,  -19.55,   1.6,    0.947,   0.0821,    0.759
   10.81,  -21.17,   1.6,     0.94,   0.0798,    0.761
   10.84,  -22.78,   1.6,    0.933,   0.0777,    0.762
   10.86,  -24.36,   1.6,    0.925,   0.0758,    0.763
   10.91,  -28.92,   1.6,    0.908,   0.0722,    0.764
   10.96,  -32.18,   1.6,    0.883,   0.0695,    0.764
   11.01,  -35.39,   1.6,    0.854,   0.0675,    0.764
   11.06,  -38.67,   1.6,     0.82,   0.0662,    0.763
   11.11,  -42.06,   1.6,    0.779,   0.0655,    0.762
   11.16,  -45.62,   1.6,     0.73,   0.0654,    0.759
   11.21,  -49.39,   1.6,    0.673,    0.066,    0.757
   11.26,  -53.34,   1.6,    0.605,   0.0673,    0.753
   11.31,  -57.37,   1.6,    0.528,   0.0693,    0.749
   11.36,  -61.23,   1.6,    0.442,   0.0722,    0.744
   11.41,  -64.60,   1.6,    0.352,   0.0758,    0.739
   11.51,  -70.80,   1.6,    0.193,   0.0847,    0.728
   11.61,  -71.37,   1.6,    0.078,   0.0972,    0.715
   11.71,  -71.41,   1.6,   0.0402,     0.11,    0.702
   11.81,  -71.38,   1.6,   0.0289,    0.122,     0.69
   11.91,  -71.33,   1.6,   0.0257,    0.134,    0.678
   12.01,  -71.28,   1.6,   0.0248,    0.146,    0.666
   12.11,  -71.22,   1.6,   0.0247,    0.158,    0.654
   12.21,  -71.17,   1.6,   0.0248,    0.169,    0.643
   12.31,  -71.11,   1.6,   0.0249,     0.18,    0.632
   12.41,  -71.04,   1.6,   0.0251,    0.191,    0.622
   12.51,  -70.97,   1.6,   0.0253,    0.202,    0.612
   12.61,  -70.91,   1.6,   0.0255,    0.213,    0.602
   12.71,  -70.83,   1.6,   0.0257,    0.223,    0.592
   12.81,  -70.76,   1.6,    0.026,    0.233,    0.583
   12.91,  -70.68,   1.6,   0.0262,    0.242,    0.574
   13.01,  -70.60,   1.6,   0.0265,    0.252,    0.565
   13.11,  -70.51,   1.6,   0.0267,    0.261,    0.556
   13.21,  -70.43,   1.6,    0.027,     0.27,    0.548
   13.31,  -70.34,   1.6,   0.0273,    0.279,     0.54
   13.41,  -70.25,   1.6,   0.0276,    0.288,    0.532
   13.51,  -70.15,   1.6,   0.0279,    0.296,    0.524
   13.61,  -70.05,   1.6,   0.0282,    0.305,    0.517
   13.71,  -69.95,   1.6,   0.0285,    0.313,     0.51
   13.81,  -69.85,   1.6,   0.0289,    0.321,    0.503
   13.91,  -69.74,   1.6,   0.0293,    0.328,    0.496
   14.01,  -69.63,   1.6,   0.0296,    0.336,    0.489
   14.11,  -69.52,   1.6,     0.03,    0.343,    0.483
   14.21,  -69.41,   1.6,   0.0304,     0.35,    0.477
   14.31,  -69.29,   1.6,   0.0309,    0.357,    0.471
   14.41,  -69.18,   1.6,   0.0313,    0.363,    0.465
   14.51,  -69.06,   1.6,   0.0318,     0.37,     0.46
   14.61,  -68.93,   1.6,   0.0322,    0.376,    0.455
   14.71,  -68.81,   1.6,   0.0327,    0.382,    0.449
   14.81,  -68.68,   1.6,   0.0332,    0.388,    0.444
   14.91,  -68.56,   1.6,   0.0337,    0.394,     0.44
   15.01,  -68.43,   1.6,   0.0342,      0.4,    0.435
   15.11,  -68.30,   1.6,   0.0348,    0.405,    0.431
   15.21,  -68.16,   1.6,   0.0353,     0.41,    0.426
   15.31,  -68.03,   1.6,   0.0359,    0.415,    0.422
   15.41,  -67.89,   1.6,   0.0365,     0.42,    0.418
   15.51,  -67.76,   1.6,    0.037,    0.425,    0.414
   15.61,  -67.62,   1.6,   0.0377,     0.43,    0.411
   15.71,  -67.48,   1.6,   0.0383,    0.434,    0.407
   15.81,  -67.34,   1.6,   0.0389,    0.438,    0.404
   15.91,  -67.20,   1.6,   0.0396,    0.442,      0.4
   16.01,  -67.06,   1.6,   0.0402,    0.446,    0.397
   16.11,  -66.92,   1.6,   0.0409,     0.45,    0.394
   16.21,  -66.78,   1.6,   0.0416,    0.454,    0.392
   16.31,  -66.64,   1.6,   0.0423,    0.457,    0.389
   16.41,  -66.50,   1.6,    0.043,    0.461,    0.386
   16.51,  -66.35,   1.6,   0.0438,    0.464,    0.384
   16.61,  -66.21,   1.6,   0.0445,    0.467,    0.381
   16.71,  -66.07,   1.6,   0.0453,     0.47,    0.379
   16.81,  -65.93,   1.6,    0.046,    0.473,    0.377
   16.91,  -65.78,   1.6,   0.0468,    0.476,    0.375
   17.01,  -65.64,   1.6,   0.0476,    0.478,    0.373
   17.11,  -65.50,   1.6,   0.0484,    0.481,    0.371
   17.21,  -65.35,   1.6,   0.0493,    0.483,     0.37
   17.31,  -65.21,   1.6,   0.0501,    0.485,    0.368
   17.41,  -65.07,   1.6,   0.0509,    0.487,    0.367
   17.51,  -64.93,   1.6,   0.0518,    0.489,    0.365
   17.61,  -64.79,   1.6,   0.0527,    0.491,    0.364
   17.71,  -64.65,   1.6,   0.0535,    0.493,    0.363
   17.81,  -64.51,   1.6,   0.0544,    0.494,    0.362
   17.91,  -64.36,   1.6,   0.0553,    0.496,    0.361
   18.01,  -64.22,   1.6,   0.0562,    0.497,     0.36
   18.11,  -64.09,   1.6,   0.0571,    0.498,    0.359
   18.21,  -63.95,   1.6,   0.0581,      0.5,    0.358
   18.31,  -63.81,   1.6,    0.059,    0.501,    0.358
   18.41,  -63.67,   1.6,     0.06,    0.502,    0.357
   18.51,  -63.53,   1.6,   0.0609,    0.502,    0.357
   18.61,  -63.39,   1.6,   0.0619,    0.503,    0.356
   18.71,  -63.26,   1.6,   0.0629,    0.504,    0.356
   18.81,  -63.12,   1.6,   0.0639,    0.504,    0.355
   18.91,  -62.98,   1.6,   0.0649,    0.505,    0.355
   19.01,  -62.85,   1.6,   0.0659,    0.505,    0.355
   19.11,  -62.71,   1.6,    0.067,    0.505,    0.355
   19.21,  -62.58,   1.6,    0.068,    0.506,    0.355
   19.31,  -62.44,   1.6,    0.069,    0.506,    0.355
   19.41,  -62.31,   1.6,   0.0701,    0.506,    0.355
   19.51,  -62.18,   1.6,   0.0712,    0.506,    0.355
   19.61,  -62.04,   1.6,   0.0723,    0.505,    0.355
   19.71,  -61.91,   1.6,   0.0734,    0.505,    0.356
   19.81,  -61.77,   1.6,   0.0745,    0.505,    0.356
   19.91,  -61.64,   1.6,   0.0756,    0.504,    0.356
   20.01,  -61.51,   1.6,   0.0767,    0.504,    0.357
   20.11,  -61.37,   1.6,   0.0779,    0.503,    0.357
   20.21,  -61.24,   1.6,   0.0791,    0.503,    0.357
   20.31,  -61.11,   1.6,   0.0802,    0.502,    0.358
   20.41,  -60.97,   1.6,   0.0814,    0.501,    0.359
   20.51,  -60.84,   1.6,   0.0827,      0.5,    0.359
   20.61,  -60.71,   1.6,   0.0839,    0.499,     0.36
   20.71,  -60.57,   1.6,   0.0851,    0.498,    0.361
   20.81,  -60.44,   1.6,   0.0864,    0.497,    0.361
   20.91,  -60.30,   1.6,   0.0877,    0.496,    0.362
   21.01,  -60.16,   1.6,    0.089,    0.494,    0.363
   21.11,  -60.03,   1.6,   0.0903,    0.493,    0.364
   21.21,  -59.89,   1.6,   0.0917,    0.491,    0.365
   21.31,  -59.75,   1.6,   0.0931,     0.49,    0.366
   21.41,  -59.61,   1.6,   0.0945,    0.488,    0.367
   21.51,  -59.46,   1.6,   0.0959,    0.487,    0.368
   21.61,  -59.32,   1.6,   0.0974,    0.485,    0.369
   21.71,  -59.17,   1.6,   0.0989,    0.483,     0.37
   21.81,  -59.02,   1.6,      0.1,    0.481,    0.371
   21.91,  -58.87,   1.6,    0.102,    0.479,    0.372
   22.01,  -58.71,   1.6,    0.104,    0.477,    0.374
   22.11,  -58.55,   1.6,    0.105,    0.475,    0.375
   22.21,  -58.38,   1.6,    0.107,    0.473,    0.376
   22.31,  -58.21,   1.6,    0.109,    0.471,    0.378
   22.41,  -58.03,   1.6,    0.111,    0.468,    0.379
   22.51,  -57.84,   1.6,    0.113,    0.466,     0.38
   22.61,  -57.64,   1.6,    0.115,    0.464,    0.382
   22.71,  -57.43,   1.6,    0.117,    0.461,    0.384
   22.81,  -57.21,   1.6,     0.12,    0.458,    0.385
   22.91,  -56.97,   1.6,    0.122,    0.455,    0.387
   23.01,  -56.71,   1.6,    0.125,    0.452,    0.389
   23.11,  -56.43,   1.6,    0.128,    0.449,     0.39
   23.21,  -56.11,   1.6,    0.132,    0.446,    0.392
   23.31,  -55.75,   1.6,    0.135,    0.442,    0.394
   23.41,  -55.34,   1.6,     0.14,    0.439,    0.396
   23.51,  -54.86,   1.6,    0.145,    0.435,    0.399
   23.61,  -54.29,   1.6,     0.15,     0.43,    0.401
   23.71,  -53.60,   1.6,    0.157,    0.426,    0.404
   23.81,  -52.72,   1.6,    0.166,    0.421,    0.407
   23.91,  -51.56,   1.6,    0.177,    0.415,     0.41
   24.01,  -49.98,   1.6,    0.191,    0.408,    0.414
   24.11,  -47.68,   1.6,     0.21,      0.4,    0.419
   24.21,  -44.03,   1.6,    0.238,    0.389,    0.425
   24.31,  -37.60,   1.6,    0.283,    0.375,    0.433
   24.41,  -24.39,   1.6,    0.362,    0.352,    0.445
   24.44,  -21.08,   1.6,    0.402,    0.343,     0.45
   24.46,  -16.64,   1.6,    0.446,    0.333,    0.456
   24.49,  -10.98,   1.6,    0.494,    0.322,    0.463
   24.51,   -4.12,   1.6,    0.547,    0.311,    0.471
   24.52,   -0.80,   1.6,    0.577,    0.306,    0.476
   24.54,    2.75,   1.6,    0.607,      0.3,     0.48
   24.55,    6.45,   1.6,    0.637,    0.295,    0.486
   24.56,   10.21,   1.6,    0.667,     0.29,    0.491
   24.57,   13.93,   1.6,    0.697,    0.284,    0.497
   24.59,   17.51,   1.6,    0.727,    0.279,    0.503
   24.60,   20.82,   1.6,    0.755,    0.274,    0.509
   24.61,   23.80,   1.6,    0.782,    0.269,    0.516
   24.64,   29.44,   1.6,    0.831,    0.259,    0.529
   24.66,   32.49,   1.6,    0.872,    0.249,    0.543
   24.69,   33.62,   1.6,    0.904,     0.24,    0.557
   24.71,   33.52,   1.6,    0.928,    0.231,    0.571
   24.74,   32.72,   1.6,    0.946,    0.223,    0.584
   24.76,   31.51,   1.6,    0.959,    0.214,    0.597
   24.79,   30.04,   1.6,    0.969,    0.206,    0.609
   24.81,   28.40,   1.6,    0.976,    0.199,    0.621
   24.84,   26.64,   1.6,    0.981,    0.191,    0.632
   24.86,   24.79,   1.6,    0.985,    0.184,    0.642
   24.89,   22.86,   1.6,    0.987,    0.177,    0.652
   24.91,   20.89,   1.6,    0.989,    0.171,    0.661
   24.94,   18.88,   1.6,     0.99,    0.165,    0.669
   24.96,   16.85,   1.6,    0.991,    0.159,    0.677
   24.99,   14.80,   1.6,    0.991,    0.153,    0.685
   25.01,   12.75,   1.6,    0.991,    0.147,    0.692
   25.04,   10.71,   1.6,    0.991,    0.142,    0.698
   25.06,    8.67,   1.6,    0.991,    0.137,    0.705
   25.09,    6.65,   1.6,     0.99,    0.132,     0.71
   25.11,    4.65,   1.6,    0.989,    0.127,    0.716
   25.14,    2.67,   1.6,    0.988,    0.122,    0.721
   25.16,    0.71,   1.6,    0.986,    0.118,    0.725
   25.19,   -1.22,   1.6,    0.985,    0.114,    0.729
   25.21,   -3.12,   1.6,    0.983,     0.11,    0.733
   25.24,   -5.00,   1.6,    0.981,    0.106,    0.737
   25.26,   -6.85,   1.6,    0.978,    0.102,     0.74
   25.29,   -8.67,   1.6,    0.975,   0.0988,    0.743
   25.31,  -10.46,   1.6,    0.972,   0.0955,    0.746
   25.34,  -12.22,   1.6,    0.968,   0.0924,    0.749
   25.36,  -13.96,   1.6,    0.964,   0.0895,    0.751
   25.39,  -15.67,   1.6,     0.96,   0.0867,    0.753
   25.41,  -17.36,   1.6,    0.954,   0.0841,    0.755
   25.44,  -19.02,   1.6,    0.949,   0.0816,    0.756
   25.46,  -20.65,   1.6,    0.942,   0.0793,    0.758
   25.49,  -22.27,   1.6,    0.935,   0.0772,    0.759
   25.51,  -23.86,   1.6,    0.928,   0.0752,     0.76
   25.56,  -28.44,   1.6,    0.911,   0.0717,    0.761
   25.61,  -31.71,   1.6,    0.887,   0.0689,    0.762
   25.66,  -34.92,   1.6,    0.859,   0.0669,    0.762
   25.71,  -38.18,   1.6,    0.825,   0.0655,    0.761
   25.76,  -41.55,   1.6,    0.785,   0.0647,     0.76
   25.81,  -45.07,   1.6,    0.738,   0.0645,    0.758
   25.86,  -48.79,   1.6,    0.682,   0.0651,    0.755
   25.91,  -52.70,   1.6,    0.616,   0.0663,    0.752
   25.96,  -56.71,   1.6,     0.54,   0.0682,    0.748
   26.01,  -60.60,   1.6,    0.456,   0.0709,    0.743
   26.06,  -64.05,   1.6,    0.366,   0.0744,    0.738
   26.16,  -70.62,   1.6,    0.205,   0.0831,    0.727
   26.26,  -71.34,   1.6,   0.0831,   0.0954,    0.714
   26.36,  -71.40,   1.6,   0.0418,    0.108,    0.701
   26.46,  -71.38,   1.6,   0.0294,     0.12,    0.689
   26.56,  -71.33,   1.6,   0.0258,    0.133,    0.677
   26.66,  -71.28,   1.6,   0.0249,    0.145,    0.665
   26.76,  -71.22,   1.6,   0.0247,    0.156,    0.654
   26.86,  -71.16,   1.6,   0.0248,    0.168,    0.643
   26.96,  -71.10,   1.6,    0.025,    0.179,    0.632
   27.06,  -71.04,   1.6,   0.0251,     0.19,    0.621
   27.16,  -70.97,   1.6,   0.0253,    0.201,    0.611
   27.26,  -70.90,   1.6,   0.0255,    0.211,    0.601
   27.36,  -70.83,   1.6,   0.0257,    0.221,    0.592
   27.46,  -70.75,   1.6,    0.026,    0.231,    0.582
   27.56,  -70.67,   1.6,   0.0262,    0.241,    0.573
   27.66,  -70.59,   1.6,   0.0265,    0.251,    0.564
   27.76,  -70.51,   1.6,   0.0267,     0.26,    0.556
   27.86,  -70.42,   1.6,    0.027,    0.269,    0.547
   27.96,  -70.33,   1.6,   0.0273,    0.278,    0.539
   28.06,  -70.24,   1.6,   0.0276,    0.287,    0.531
   28.16,  -70.15,   1.6,   0.0279,    0.295,    0.524
   28.26,  -70.05,   1.6,   0.0282,    0.303,    0.516
   28.36,  -69.95,   1.6,   0.0286,    0.311,    0.509
   28.46,  -69.84,   1.6,   0.0289,    0.319,    0.502
   28.56,  -69.74,   1.6,   0.0293,    0.327,    0.496
   28.66,  -69.63,   1.6,   0.0297,    0.334,    0.489
   28.76,  -69.52,   1.6,   0.0301,    0.342,    0.483
   28.86,  -69.40,   1.6,   0.0305,    0.349,    0.477
   28.96,  -69.29,   1.6,   0.0309,    0.356,    0.471
   29.06,  -69.17,   1.6,   0.0313,    0.362,    0.465
   29.16,  -69.05,   1.6,   0.0318,    0.369,     0.46
   29.26,  -68.93,   1.6,   0.0322,    0.375,    0.454
   29.36,  -68.80,   1.6,   0.0327,    0.381,    0.449
   29.46,  -68.68,   1.6,   0.0332,    0.387,    0.444
   29.56,  -68.55,   1.6,   0.0337,    0.393,    0.439
   29.66,  -68.42,   1.6,   0.0342,    0.398,    0.435
   29.76,  -68.29,   1.6,   0.0348,    0.404,     0.43
   29.86,  -68.16,   1.6,   0.0353,    0.409,    0.426
   29.96,  -68.02,   1.6,   0.0359,    0.414,    0.422
   30.06,  -67.89,   1.6,   0.0365,    0.419,    0.418
   30.16,  -67.75,   1.6,   0.0371,    0.424,    0.414
   30.26,  -67.61,   1.6,   0.0377,    0.429,     0.41
   30.36,  -67.47,   1.6,   0.0383,    0.433,    0.407
   30.46,  -67.34,   1.6,    0.039,    0.437,    0.403
   30.56,  -67.20,   1.6,   0.0396,    0.441,      0.4
   30.66,  -67.06,   1.6,   0.0403,    0.445,    0.397
   30.76,  -66.91,   1.6,    0.041,    0.449,    0.394
   30.86,  -66.77,   1.6,   0.0417,    0.453,    0.391
   30.96,  -66.63,   1.6,   0.0424,    0.457,    0.389
   31.06,  -66.49,   1.6,   0.0431,     0.46,    0.386
   31.16,  -66.35,   1.6,   0.0438,    0.463,    0.384
   31.26,  -66.20,   1.6,   0.0446,    0.466,    0.381
   31.36,  -66.06,   1.6,   0.0453,    0.469,    0.379
   31.46,  -65.92,   1.6,   0.0461,    0.472,    0.377
   31.56,  -65.77,   1.6,   0.0469,    0.475,    0.375
   31.66,  -65.63,   1.6,   0.0477,    0.477,    0.373
   31.76,  -65.49,   1.6,   0.0485,     0.48,    0.371
   31.86,  -65.35,   1.6,   0.0493,    0.482,     0.37
   31.96,  -65.20,   1.6,   0.0501,    0.484,    0.368
   32.06,  -65.06,   1.6,    0.051,    0.486,    0.367
   32.16,  -64.92,   1.6,   0.0518,    0.488,    0.365
   32.26,  -64.78,   1.6,   0.0527,     0.49,    0.364
   32.36,  -64.64,   1.6,   0.0536,    0.492,    0.363
   32.46,  -64.50,   1.6,   0.0545,    0.494,    0.362
   32.56,  -64.36,   1.6,   0.0554,    0.495,    0.361
   32.66,  -64.22,   1.6,   0.0563,    0.497,     0.36
   32.76,  -64.08,   1.6,   0.0572,    0.498,    0.359
   32.86,  -63.94,   1.6,   0.0581,    0.499,    0.358
   32.96,  -63.80,   1.6,   0.0591,      0.5,    0.358
   33.06,  -63.66,   1.6,     0.06,    0.501,    0.357
   33.16,  -63.53,   1.6,    0.061,    0.502,    0.357
   33.26,  -63.39,   1.6,    0.062,    0.503,    0.356
   33.36,  -63.25,   1.6,   0.0629,    0.503,    0.356
   33.46,  -63.11,   1.6,   0.0639,    0.504,    0.355
   33.56,  -62.98,   1.6,    0.065,    0.504,    0.355
   33.66,  -62.84,   1.6,    0.066,    0.505,    0.355
   33.76,  -62.71,   1.6,    0.067,    0.505,    0.355
   33.86,  -62.57,   1.6,    0.068,    0.505,    0.355
   33.96,  -62.44,   1.6,   0.0691,    0.505,    0.355
   34.06,  -62.30,   1.6,   0.0702,    0.505,    0.355
   34.16,  -62.17,   1.6,   0.0712,    0.505,    0.355
   34.26,  -62.04,   1.6,   0.0723,    0.505,    0.355
   34.36,  -61.90,   1.6,   0.0734,    0.505,    0.355
   34.46,  -61.77,   1.6,   0.0745,    0.504,    0.356
   34.56,  -61.64,   1.6,   0.0756,    0.504,    0.356
   34.66,  -61.50,   1.6,   0.0768,    0.503,    0.357
   34.76,  -61.37,   1.6,   0.0779,    0.503,    0.357
   34.86,  -61.24,   1.6,   0.0791,    0.502,    0.357
   34.96,  -61.11,   1.6,   0.0803,    0.501,    0.358
   35.06,  -60.97,   1.6,   0.0815,      0.5,    0.359
   35.16,  -60.84,   1.6,   0.0827,    0.499,    0.359
   35.26,  -60.70,   1.6,   0.0839,    0.498,     0.36
   35.36,  -60.57,   1.6,   0.0852,    0.497,    0.361
   35.46,  -60.44,   1.6,   0.0864,    0.496,    0.361
   35.56,  -60.30,   1.6,   0.0877,    0.495,    0.362
   35.66,  -60.16,   1.6,    0.089,    0.494,    0.363
   35.76,  -60.03,   1.6,   0.0903,    0.492,    0.364
   35.86,  -59.89,   1.6,   0.0917,    0.491,    0.365
   35.96,  -59.75,   1.6,   0.0931,     0.49,    0.366
   36.06,  -59.61,   1.6,   0.0945,    0.488,    0.367
   36.16,  -59.46,   1.6,   0.0959,    0.486,    0.368
   36.26,  -59.32,   1.6,   0.0974,    0.485,    0.369
   36.36,  -59.17,   1.6,   0.0989,    0.483,     0.37
   36.46,  -59.02,   1.6,      0.1,    0.481,    0.371
   36.56,  -58.87,   1.6,    0.102,    0.479,    0.372
   36.66,  -58.71,   1.6,    0.104,    0.477,    0.374
   36.76,  -58.55,   1.6,    0.105,    0.475,    0.375
   36.86,  -58.39,   1.6,    0.107,    0.473,    0.376
   36.96,  -58.22,   1.6,    0.109,     0.47,    0.378
   37.06,  -58.04,   1.6,    0.111,    0.468,    0.379
   37.16,  -57.85,   1.6,    0.113,    0.466,     0.38
   37.26,  -57.66,   1.6,    0.115,    0.463,    0.382
   37.36,  -57.45,   1.6,    0.117,    0.461,    0.383
   37.46,  -57.23,   1.6,     0.12,    0.458,    0.385
   37.56,  -57.00,   1.6,    0.122,    0.455,    0.387
   37.66,  -56.74,   1.6,    0.125,    0.452,    0.389
   37.76,  -56.46,   1.6,    0.128,    0.449,     0.39
   37.86,  -56.15,   1.6,    0.131,    0.446,    0.392
   37.96,  -55.80,   1.6,    0.135,    0.442,    0.394
   38.06,  -55.40,   1.6,    0.139,    0.439,    0.396
   38.16,  -54.94,   1.6,    0.144,    0.435,    0.399
   38.26,  -54.39,   1.6,     0.15,    0.431,    0.401
   38.36,  -53.71,   1.6,    0.156,    0.426,    0.404
   38.46,  -52.87,   1.6,    0.164,    0.421,    0.407
   38.56,  -51.77,   1.6,    0.175,    0.415,     0.41
   38.66,  -50.28,   1.6,    0.188,    0.409,    0.414
   38.76,  -48.13,   1.6,    0.206,    0.401,    0.418
   38.86,  -44.78,   1.6,    0.233,    0.391,    0.424
   38.96,  -39.00,   1.6,    0.274,    0.377,    0.432
   39.06,  -27.46,   1.6,    0.345,    0.357,    0.443
   39.09,  -24.53,   1.6,    0.381,    0.348,    0.448
   39.11,  -20.63,   1.6,     0.42,    0.338,    0.453
   39.14,  -15.65,   1.6,    0.463,    0.328,    0.459
   39.16,   -9.51,   1.6,    0.511,    0.318,    0.466
   39.19,   -2.24,   1.6,    0.564,    0.307,    0.474
   39.20,    1.19,   1.6,    0.594,    0.302,    0.479
   39.21,    4.82,   1.6,    0.624,    0.296,    0.484
   39.23,    8.55,   1.6,    0.655,    0.291,    0.489
   39.24,   12.29,   1.6,    0.685,    0.285,    0.495
   39.25,   15.92,   1.6,    0.715,     0.28,    0.501
   39.26,   19.34,   1.6,    0.743,    0.275,    0.507
   39.28,   22.46,   1.6,    0.771,     0.27,    0.513
   39.30,   28.52,   1.6,    0.821,     0.26,    0.526
   39.33,   31.99,   1.6,    0.864,     0.25,     0.54
   39.35,   33.43,   1.6,    0.898,    0.241,    0.555
   39.38,   33.53,   1.6,    0.924,    0.232,    0.568
   39.40,   32.85,   1.6,    0.943,    0.223,    0.582
   39.43,   31.70,   1.6,    0.957,    0.215,    0.595
   39.45,   30.28,   1.6,    0.967,    0.207,    0.607
   39.48,   28.67,   1.6,    0.975,    0.199,    0.619
   39.50,   26.93,   1.6,     0.98,    0.192,     0.63
   39.53,   25.09,   1.6,    0.984,    0.185,     0.64
   39.55,   23.18,   1.6,    0.987,    0.178,     0.65
   39.58,   21.21,   1.6,    0.989,    0.172,    0.659
   39.60,   19.21,   1.6,     0.99,    0.165,    0.668
   39.63,   17.18,   1.6,    0.991,    0.159,    0.676
   39.65,   15.13,   1.6,    0.991,    0.153,    0.683
   39.68,   13.08,   1.6,    0.991,    0.148,     0.69
   39.70,   11.04,   1.6,    0.991,    0.142,    0.697
   39.73,    9.00,   1.6,    0.991,    0.137,    0.703
   39.75,    6.97,   1.6,     0.99,    0.132,    0.709
   39.78,    4.97,   1.6,    0.989,    0.127,    0.714
   39.80,    2.98,   1.6,    0.988,    0.123,    0.719
   39.83,    1.02,   1.6,    0.987,    0.118,    0.724
   39.85,   -0.92,   1.6,    0.985,    0.114,    0.728
   39.88,   -2.83,   1.6,    0.983,     0.11,    0.732
   39.90,   -4.71,   1.6,    0.981,    0.106,    0.736
   39.93,   -6.57,   1.6,    0.978,    0.103,    0.739
   39.95,   -8.39,   1.6,    0.976,   0.0991,    0.743
   39.98,  -10.19,   1.6,    0.972,   0.0958,    0.745
   40.00,  -11.96,   1.6,    0.969,   0.0927,    0.748
   40.03,  -13.70,   1.6,    0.965,   0.0897,     0.75
   40.05,  -15.42,   1.6,     0.96,   0.0869,    0.752
   40.08,  -17.11,   1.6,    0.955,   0.0843,    0.754
   40.10,  -18.77,   1.6,     0.95,   0.0818,    0.756
   40.13,  -20.41,   1.6,    0.943,   0.0795,    0.757
   40.15,  -22.03,   1.6,    0.937,   0.0774,    0.758
   40.18,  -23.63,   1.6,    0.929,   0.0754,    0.759
   40.23,  -28.22,   1.6,    0.912,   0.0718,    0.761
   40.28,  -31.49,   1.6,    0.889,    0.069,    0.762
   40.33,  -34.70,   1.6,    0.861,   0.0669,    0.762
   40.38,  -37.95,   1.6,    0.828,   0.0654,    0.761
   40.43,  -41.31,   1.6,    0.788,   0.0646,     0.76
   40.48,  -44.82,   1.6,    0.741,   0.0644,    0.758
   40.53,  -48.52,   1.6,    0.686,   0.0649,    0.755
   40.58,  -52.42,   1.6,    0.621,   0.0661,    0.752
   40.63,  -56.42,   1.6,    0.546,   0.0679,    0.748
   40.68,  -60.33,   1.6,    0.462,   0.0706,    0.743
   40.73,  -63.82,   1.6,    0.373,    0.074,    0.738
   40.83,  -70.56,   1.6,    0.211,   0.0826,    0.727
   40.93,  -71.33,   1.6,   0.0852,   0.0949,    0.714
   41.03,  -71.40,   1.6,   0.0424,    0.108,    0.702
   41.13,  -71.38,   1.6,   0.0296,     0.12,    0.689
   41.23,  -71.33,   1.6,   0.0259,    0.132,    0.677
   41.33,  -71.28,   1.6,   0.0249,    0.144,    0.665
   41.43,  -71.22,   1.6,   0.0247,    0.156,    0.654
   41.53,  -71.16,   1.6,   0.0248,    0.167,    0.643
   41.63,  -71.10,   1.6,   0.0249,    0.178,    0.632
   41.73,  -71.04,   1.6,   0.0251,    0.189,    0.621
   41.83,  -70.97,   1.6,   0.0253,      0.2,    0.611
   41.93,  -70.90,   1.6,   0.0255,    0.211,    0.601
   42.03,  -70.83,   1.6,   0.0257,    0.221,    0.592
   42.13,  -70.75,   1.6,    0.026,    0.231,    0.582
   42.23,  -70.68,   1.6,   0.0262,    0.241,    0.573
   42.33,  -70.60,   1.6,   0.0265,     0.25,    0.564
   42.43,  -70.51,   1.6,   0.0267,     0.26,    0.556
   42.53,  -70.42,   1.6,    0.027,    0.269,    0.547
   42.63,  -70.33,   1.6,   0.0273,    0.278,    0.539
   42.73,  -70.24,   1.6,   0.0276,    0.286,    0.532
   42.83,  -70.15,   1.6,   0.0279,    0.295,    0.524
   42.93,  -70.05,   1.6,   0.0282,    0.303,    0.517
   43.03,  -69.95,   1.6,   0.0286,    0.311,    0.509
   43.13,  -69.84,   1.6,   0.0289,    0.319,    0.502
   43.23,  -69.74,   1.6,   0.0293,    0.327,    0.496
   43.33,  -69.63,   1.6,   0.0297,    0.334,    0.489
   43.43,  -69.52,   1.6,   0.0301,    0.341,    0.483
   43.53,  -69.41,   1.6,   0.0305,    0.348,    0.477
   43.63,  -69.29,   1.6,   0.0309,    0.355,    0.471
   43.73,  -69.17,   1.6,   0.0313,    0.362,    0.465
   43.83,  -69.05,   1.6,   0.0318,    0.368,     0.46
   43.93,  -68.93,   1.6,   0.0322,    0.375,    0.454
   44.03,  -68.80,   1.6,   0.0327,    0.381,    0.449
   44.13,  -68.68,   1.6,   0.0332,    0.387,    0.444
   44.23,  -68.55,   1.6,   0.0337,    0.393,    0.439
   44.33,  -68.42,   1.6,   0.0342,    0.398,    0.435
   44.43,  -68.29,   1.6,   0.0348,    0.404,     0.43
   44.53,  -68.16,   1.6,   0.0353,    0.409,    0.426
   44.63,  -68.02,   1.6,   0.0359,    0.414,    0.422
   44.73,  -67.89,   1.6,   0.0365,    0.419,    0.418
   44.83,  -67.75,   1.6,   0.0371,    0.424,    0.414
   44.93,  -67.62,   1.6,   0.0377,    0.428,     0.41
   45.03,  -67.48,   1.6,   0.0383,    0.433,    0.407
   45.13,  -67.34,   1.6,   0.0389,    0.437,    0.404
   45.23,  -67.20,   1.6,   0.0396,    0.441,      0.4
   45.33,  -67.06,   1.6,   0.0403,    0.445,    0.397
   45.43,  -66.92,   1.6,   0.0409,    0.449,    0.394
   45.53,  -66.78,   1.6,   0.0416,    0.453,    0.391
   45.63,  -66.63,   1.6,   0.0423,    0.456,    0.389
   45.73,  -66.49,   1.6,   0.0431,     0.46,    0.386
   45.83,  -66.35,   1.6,   0.0438,    0.463,    0.384
   45.93,  -66.21,   1.6,   0.0445,    0.466,    0.381
   46.03,  -66.06,   1.6,   0.0453,    0.469,    0.379
   46.13,  -65.92,   1.6,   0.0461,    0.472,    0.377
   46.23,  -65.78,   1.6,   0.0469,    0.475,    0.375
   46.33,  -65.63,   1.6,   0.0477,    0.477,    0.373
   46.43,  -65.49,   1.6,   0.0485,     0.48,    0.371
   46.53,  -65.35,   1.6,   0.0493,    0.482,     0.37
   46.63,  -65.21,   1.6,   0.0501,    0.484,    0.368
   46.73,  -65.07,   1.6,    0.051,    0.486,    0.367
   46.83,  -64.92,   1.6,   0.0518,    0.488,    0.365
   46.93,  -64.78,   1.6,   0.0527,     0.49,    0.364
   47.03,  -64.64,   1.6,   0.0536,    0.492,    0.363
   47.13,  -64.50,   1.6,   0.0544,    0.494,    0.362
   47.23,  -64.36,   1.6,   0.0553,    0.495,    0.361
   47.33,  -64.22,   1.6,   0.0563,    0.496,     0.36
   47.43,  -64.08,   1.6,   0.0572,    0.498,    0.359
   47.53,  -63.94,   1.6,   0.0581,    0.499,    0.358
   47.63,  -63.80,   1.6,   0.0591,      0.5,    0.358
   47.73,  -63.67,   1.6,     0.06,    0.501,    0.357
   47.83,  -63.53,   1.6,    0.061,    0.502,    0.357
   47.93,  -63.39,   1.6,   0.0619,    0.502,    0.356
   48.03,  -63.25,   1.6,   0.0629,    0.503,    0.356
   48.13,  -63.12,   1.6,   0.0639,    0.504,    0.355
   48.23,  -62.98,   1.6,   0.0649,    0.504,    0.355
   48.33,  -62.85,   1.6,   0.0659,    0.504,    0.355
   48.43,  -62.71,   1.6,    0.067,    0.505,    0.355
   48.53,  -62.58,   1.6,    0.068,    0.505,    0.355
   48.63,  -62.44,   1.6,   0.0691,    0.505,    0.355
   48.73,  -62.31,   1.6,   0.0701,    0.505,    0.355
   48.83,  -62.17,   1.6,   0.0712,    0.505,    0.355
   48.93,  -62.04,   1.6,   0.0723,    0.505,    0.355
   49.03,  -61.91,   1.6,   0.0734,    0.504,    0.355
   49.13,  -61.77,   1.6,   0.0745,    0.504,    0.356
   49.23,  -61.64,   1.6,   0.0756,    0.504,    0.356
   49.33,  -61.51,   1.6,   0.0768,    0.503,    0.357
   49.43,  -61.37,   1.6,   0.0779,    0.503,    0.357
   49.53,  -61.24,   1.6,   0.0791,    0.502,    0.357
   49.63,  -61.11,   1.6,   0.0802,    0.501,    0.358
   49.73,  -60.97,   1.6,   0.0814,      0.5,    0.359
   49.83,  -60.84,   1.6,   0.0827,    0.499,    0.359
   49.93,  -60.71,   1.6,   0.0839,    0.498,     0.36
   50.03,  -60.57,   1.6,   0.0851,    0.497,    0.361
   50.13,  -60.44,   1.6,   0.0864,    0.496,    0.361
   50.23,  -60.30,   1.6,   0.0877,    0.495,    0.362
   50.33,  -60.17,   1.6,    0.089,    0.494,    0.363
   50.43,  -60.03,   1.6,   0.0903,    0.492,    0.364
   50.53,  -59.89,   1.6,   0.0917,    0.491,    0.365
   50.63,  -59.75,   1.6,    0.093,     0.49,    0.366
   50.73,  -59.61,   1.6,   0.0944,    0.488,    0.367
   50.83,  -59.47,   1.6,   0.0959,    0.486,    0.368
   50.93,  -59.32,   1.6,   0.0973,    0.485,    0.369
   51.03,  -59.18,   1.6,   0.0989,    0.483,     0.37
   51.13,  -59.03,   1.6,      0.1,    0.481,    0.371
   51.23,  -58.87,   1.6,    0.102,    0.479,    0.372
   51.33,  -58.72,   1.6,    0.104,    0.477,    0.374
   51.43,  -58.56,   1.6,    0.105,    0.475,    0.375
   51.53,  -58.39,   1.6,    0.107,    0.473,    0.376
   51.63,  -58.22,   1.6,    0.109,     0.47,    0.378
   51.73,  -58.04,   1.6,    0.111,    0.468,    0.379
   51.83,  -57.86,   1.6,    0.113,    0.466,     0.38
   51.93,  -57.67,   1.6,    0.115,    0.463,    0.382
   52.03,  -57.46,   1.6,    0.117,    0.461,    0.383
   52.13,  -57.24,   1.6,     0.12,    0.458,    0.385
   52.23,  -57.01,   1.6,    0.122,    0.455,    0.387
   52.33,  -56.75,   1.6,    0.125,    0.452,    0.388
   52.43,  -56.47,   1.6,    0.128,    0.449,     0.39
   52.53,  -56.16,   1.6,    0.131,    0.446,    0.392
   52.63,  -55.82,   1.6,    0.135,    0.442,    0.394
   52.73,  -55.42,   1.6,    0.139,    0.439,    0.396
   52.83,  -54.96,   1.6,    0.144,    0.435,    0.399
   52.93,  -54.41,   1.6,    0.149,    0.431,    0.401
   53.03,  -53.74,   1.6,    0.156,    0.426,    0.404
   53.13,  -52.91,   1.6,    0.164,    0.421,    0.407
   53.23,  -51.83,   1.6,    0.174,    0.415,     0.41
   53.33,  -50.35,   1.6,    0.187,    0.409,    0.414
   53.43,  -48.24,   1.6,    0.206,    0.401,    0.418
   53.53,  -44.96,   1.6,    0.232,    0.391,    0.424
   53.63,  -39.33,   1.6,    0.272,    0.378,    0.431
   53.73,  -28.18,   1.6,    0.341,    0.358,    0.442
   53.78,  -20.24,   1.6,    0.409,    0.341,    0.451
   53.80,  -15.64,   1.6,    0.454,     0.33,    0.458
   53.83,   -9.81,   1.6,    0.503,     0.32,    0.465
   53.85,   -2.78,   1.6,    0.557,    0.309,    0.473
   53.86,    0.58,   1.6,    0.587,    0.303,    0.477
   53.88,    4.16,   1.6,    0.617,    0.298,    0.482
   53.89,    7.86,   1.6,    0.648,    0.292,    0.488
   53.90,   11.59,   1.6,    0.678,    0.287,    0.493
   53.91,   15.25,   1.6,    0.708,    0.282,    0.499
   53.93,   18.73,   1.6,    0.737,    0.277,    0.505
   53.94,   21.91,   1.6,    0.765,    0.271,    0.512
   53.95,   24.74,   1.6,    0.791,    0.266,    0.518
   53.98,   29.99,   1.6,    0.838,    0.257,    0.532
   54.00,   32.71,   1.6,    0.878,    0.247,    0.546
   54.03,   33.60,   1.6,    0.909,    0.238,     0.56
   54.05,   33.37,   1.6,    0.932,    0.229,    0.574
   54.08,   32.48,   1.6,    0.949,    0.221,    0.587
   54.10,   31.22,   1.6,    0.961,    0.212,    0.599
   54.13,   29.72,   1.6,     0.97,    0.205,    0.612
   54.15,   28.06,   1.6,    0.977,    0.197,    0.623
   54.18,   26.27,   1.6,    0.982,     0.19,    0.634
   54.20,   24.40,   1.6,    0.985,    0.183,    0.644
   54.23,   22.47,   1.6,    0.988,    0.176,    0.653
   54.25,   20.49,   1.6,    0.989,    0.169,    0.662
   54.28,   18.47,   1.6,     0.99,    0.163,    0.671
   54.30,   16.44,   1.6,    0.991,    0.157,    0.679
   54.33,   14.39,   1.6,    0.991,    0.151,    0.686
   54.35,   12.34,   1.6,    0.991,    0.146,    0.693
   54.38,   10.30,   1.6,    0.991,    0.141,      0.7
   54.40,    8.27,   1.6,     0.99,    0.135,    0.706
   54.43,    6.25,   1.6,     0.99,     0.13,    0.711
   54.45,    4.25,   1.6,    0.989,    0.126,    0.716
   54.48,    2.27,   1.6,    0.987,    0.121,    0.721
   54.50,    0.32,   1.6,    0.986,    0.117,    0.726
   54.53,   -1.61,   1.6,    0.984,    0.113,     0.73
   54.55,   -3.51,   1.6,    0.982,    0.109,    0.734
   54.58,   -5.38,   1.6,     0.98,    0.105,    0.737
   54.60,   -7.22,   1.6,    0.977,    0.101,    0.741
   54.63,   -9.04,   1.6,    0.975,    0.098,    0.744
   54.65,  -10.82,   1.6,    0.971,   0.0948,    0.746
   54.68,  -12.58,   1.6,    0.967,   0.0917,    0.749
   54.70,  -14.32,   1.6,    0.963,   0.0888,    0.751
   54.73,  -16.02,   1.6,    0.959,    0.086,    0.753
   54.75,  -17.70,   1.6,    0.953,   0.0835,    0.755
   54.78,  -19.36,   1.6,    0.947,   0.0811,    0.756
   54.80,  -20.99,   1.6,    0.941,   0.0788,    0.758
   54.83,  -22.60,   1.6,    0.934,   0.0767,    0.759
   54.85,  -24.19,   1.6,    0.926,   0.0748,     0.76
   54.90,  -28.75,   1.6,    0.909,   0.0713,    0.761
   54.95,  -32.03,   1.6,    0.885,   0.0686,    0.762
   55.00,  -35.25,   1.6,    0.856,   0.0666,    0.762
   55.05,  -38.51,   1.6,    0.822,   0.0653,    0.761
   55.10,  -41.89,   1.6,    0.781,   0.0646,    0.759
   55.15,  -45.51,   0.0,    0.733,   0.0645,    0.757
   55.20,  -49.29,   0.0,    0.675,   0.0651,    0.755
   55.25,  -53.25,   0.0,    0.608,   0.0664,    0.751
   55.30,  -57.30,   0.0,    0.531,   0.0684,    0.747
   55.35,  -61.18,   0.0,    0.444,   0.0712,    0.743
   55.40,  -64.58,   0.0,    0.354,   0.0749,    0.737
   55.50,  -70.88,   0.0,    0.194,   0.0838,    0.726
   55.60,  -71.52,   0.0,   0.0778,   0.0963,    0.713
   55.70,  -71.58,   0.0,   0.0396,    0.109,      0.7
   55.80,  -71.56,   0.0,   0.0283,    0.122,    0.688
   55.90,  -71.53,   0.0,   0.0251,    0.134,    0.676
   56.00,  -71.49,   0.0,   0.0242,    0.146,    0.664
   56.10,  -71.45,   0.0,   0.0241,    0.158,    0.653
   56.20,  -71.40,   0.0,   0.0241,    0.169,    0.641
   56.30,  -71.36,   0.0,   0.0242,    0.181,    0.631
   56.40,  -71.31,   0.0,   0.0244,    0.192,     0.62
   56.50,  -71.26,   0.0,   0.0245,    0.203,     0.61
   56.60,  -71.20,   0.0,   0.0247,    0.213,      0.6
   56.70,  -71.15,   0.0,   0.0248,    0.224,     0.59
   56.80,  -71.09,   0.0,    0.025,    0.234,    0.581
   56.90,  -71.03,   0.0,   0.0252,    0.244,    0.572
   57.00,  -70.97,   0.0,   0.0253,    0.253,    0.563
   57.10,  -70.91,   0.0,   0.0255,    0.263,    0.554
   57.20,  -70.84,   0.0,   0.0257,    0.272,    0.546
   57.30,  -70.77,   0.0,    0.026,    0.281,    0.537
   57.40,  -70.70,   0.0,   0.0262,     0.29,    0.529
   57.50,  -70.63,   0.0,   0.0264,    0.299,    0.522
   57.60,  -70.55,   0.0,   0.0266,    0.307,    0.514
   57.70,  -70.47,   0.0,   0.0269,    0.316,    0.507
   57.80,  -70.39,   0.0,   0.0271,    0.324,      0.5
   57.90,  -70.31,   0.0,   0.0274,    0.332,    0.493
   58.00,  -70.23,   0.0,   0.0277,    0.339,    0.487
   58.10,  -70.14,   0.0,    0.028,    0.347,     0.48
   58.20,  -70.05,   0.0,   0.0283,    0.354,    0.474
   58.30,  -69.96,   0.0,   0.0286,    0.361,    0.468
   58.40,  -69.87,   0.0,   0.0289,    0.368,    0.462
   58.50,  -69.78,   0.0,   0.0292,    0.375,    0.456
   58.60,  -69.68,   0.0,   0.0295,    0.382,    0.451
   58.70,  -69.59,   0.0,   0.0299,    0.388,    0.445
   58.80,  -69.49,   0.0,   0.0302,    0.394,     0.44
   58.90,  -69.39,   0.0,   0.0306,    0.401,    0.435
   59.00,  -69.29,   0.0,    0.031,    0.407,    0.431
   59.10,  -69.18,   0.0,   0.0314,    0.412,    0.426
   59.20,  -69.08,   0.0,   0.0318,    0.418,    0.421
   59.30,  -68.97,   0.0,   0.0322,    0.423,    0.417
   59.40,  -68.87,   0.0,   0.0326,    0.429,    0.413
   59.50,  -68.76,   0.0,    0.033,    0.434,    0.409
   59.60,  -68.65,   0.0,   0.0334,    0.439,    0.405
   59.70,  -68.54,   0.0,   0.0339,    0.444,    0.401
   59.80,  -68.43,   0.0,   0.0343,    0.448,    0.398
   59.90,  -68.32,   0.0,   0.0348,    0.453,    0.394
   60.00,  -68.21,   0.0,   0.0353,    0.457,    0.391
   60.10,  -68.10,   0.0,   0.0357,    0.462,    0.388
   60.20,  -67.98,   0.0,   0.0362,    0.466,    0.385
   60.30,  -67.87,   0.0,   0.0367,     0.47,    0.382
   60.40,  -67.76,   0.0,   0.0372,    0.474,    0.379
   60.50,  -67.64,   0.0,   0.0377,    0.477,    0.376
   60.60,  -67.53,   0.0,   0.0383,    0.481,    0.373
   60.70,  -67.41,   0.0,   0.0388,    0.485,    0.371
   60.80,  -67.30,   0.0,   0.0393,    0.488,    0.368
   60.90,  -67.18,   0.0,   0.0399,    0.491,    0.366
   61.00,  -67.07,   0.0,   0.0404,    0.494,    0.364
   61.10,  -66.95,   0.0,    0.041,    0.497,    0.362
   61.20,  -66.84,   0.0,   0.0415,      0.5,     0.36
   61.30,  -66.72,   0.0,   0.0421,    0.503,    0.358
   61.40,  -66.61,   0.0,   0.0427,    0.506,    0.356
   61.50,  -66.50,   0.0,   0.0433,    0.508,    0.355
   61.60,  -66.38,   0.0,   0.0439,     0.51,    0.353
   61.70,  -66.27,   0.0,   0.0445,    0.513,    0.351
   61.80,  -66.16,   0.0,   0.0451,    0.515,     0.35
   61.90,  -66.04,   0.0,   0.0457,    0.517,    0.349
   62.00,  -65.93,   0.0,   0.0463,    0.519,    0.347
   62.10,  -65.82,   0.0,   0.0469,    0.521,    0.346
   62.20,  -65.71,   0.0,   0.0476,    0.523,    0.345
   62.30,  -65.60,   0.0,   0.0482,    0.525,    0.344
   62.40,  -65.49,   0.0,   0.0488,    0.526,    0.343
   62.50,  -65.38,   0.0,   0.0495,    0.528,    0.342
   62.60,  -65.27,   0.0,   0.0501,    0.529,    0.341
   62.70,  -65.16,   0.0,   0.0508,     0.53,    0.341
   62.80,  -65.05,   0.0,   0.0514,    0.532,     0.34
   62.90,  -64.94,   0.0,   0.0521,    0.533,    0.339
   63.00,  -64.84,   0.0,   0.0527,    0.534,    0.339
   63.10,  -64.73,   0.0,   0.0534,    0.535,    0.338
   63.20,  -64.63,   0.0,   0.0541,    0.536,    0.338
   63.30,  -64.52,   0.0,   0.0547,    0.537,    0.337
   63.40,  -64.42,   0.0,   0.0554,    0.537,    0.337
   63.50,  -64.32,   0.0,   0.0561,    0.538,    0.337
   63.60,  -64.22,   0.0,   0.0568,    0.539,    0.337
   63.70,  -64.11,   0.0,   0.0574,    0.539,    0.336
   63.80,  -64.01,   0.0,   0.0581,     0.54,    0.336
   63.90,  -63.92,   0.0,   0.0588,     0.54,    0.336
   64.00,  -63.82,   0.0,   0.0595,     0.54,    0.336
   64.10,  -63.72,   0.0,   0.0602,    0.541,    0.336
   64.20,  -63.62,   0.0,   0.0608,    0.541,    0.336
   64.30,  -63.53,   0.0,   0.0615,    0.541,    0.336
   64.40,  -63.43,   0.0,   0.0622,    0.541,    0.336
   64.50,  -63.34,   0.0,   0.0629,    0.541,    0.336
   64.60,  -63.25,   0.0,   0.0636,    0.541,    0.337
   64.70,  -63.16,   0.0,   0.0643,    0.541,    0.337
   64.80,  -63.07,   0.0,   0.0649,    0.541,    0.337
   64.90,  -62.98,   0.0,   0.0656,     0.54,    0.337
   65.00,  -62.89,   0.0,   0.0663,     0.54,    0.338
   65.10,  -62.81,   0.0,    0.067,     0.54,    0.338
   65.20,  -62.72,   0.0,   0.0676,    0.539,    0.338
   65.30,  -62.64,   0.0,   0.0683,    0.539,    0.339
   65.40,  -62.56,   0.0,    0.069,    0.538,    0.339
   65.50,  -62.47,   0.0,   0.0696,    0.538,     0.34
   65.60,  -62.40,   0.0,   0.0703,    0.537,     0.34
   65.70,  -62.32,   0.0,   0.0709,    0.537,    0.341
   65.80,  -62.24,   0.0,   0.0716,    0.536,    0.341
   65.90,  -62.17,   0.0,   0.0722,    0.535,    0.342
   66.00,  -62.09,   0.0,   0.0728,    0.535,    0.342
   66.10,  -62.02,   0.0,   0.0735,    0.534,    0.343
   66.20,  -61.95,   0.0,   0.0741,    0.533,    0.344
   66.30,  -61.88,   0.0,   0.0747,    0.532,    0.344
   66.40,  -61.82,   0.0,   0.0752,    0.531,    0.345
   66.50,  -61.76,   0.0,   0.0758,     0.53,    0.345
   66.60,  -61.69,   0.0,   0.0764,    0.529,    0.346
   66.70,  -61.64,   0.0,   0.0769,    0.528,    0.347
   66.80,  -61.58,   0.0,   0.0775,    0.527,    0.347
   66.90,  -61.52,   0.0,    0.078,    0.526,    0.348
   67.00,  -61.47,   0.0,   0.0785,    0.525,    0.349
   67.10,  -61.42,   0.0,    0.079,    0.524,    0.349
   67.20,  -61.38,   0.0,   0.0794,    0.523,     0.35
   67.30,  -61.33,   0.0,   0.0799,    0.522,    0.351
   67.40,  -61.29,   0.0,   0.0803,    0.521,    0.352
   67.50,  -61.26,   0.0,   0.0807,     0.52,    0.352
   67.60,  -61.22,   0.0,    0.081,    0.519,    0.353
   67.70,  -61.19,   0.0,   0.0814,    0.518,    0.354
   67.80,  -61.17,   0.0,   0.0817,    0.517,    0.354
   67.90,  -61.14,   0.0,    0.082,    0.516,    0.355
   68.00,  -61.12,   0.0,   0.0822,    0.515,    0.356
   68.10,  -61.11,   0.0,   0.0824,    0.514,    0.356
   68.20,  -61.10,   0.0,   0.0826,    0.513,    0.357
   68.30,  -61.09,   0.0,   0.0828,    0.512,    0.358
   68.40,  -61.09,   0.0,   0.0829,    0.511,    0.358
   68.50,  -61.09,   0.0,   0.0829,    0.509,    0.359
   68.60,  -61.10,   0.0,    0.083,    0.508,    0.359
   68.70,  -61.11,   0.0,   0.0829,    0.508,     0.36
   68.80,  -61.12,   0.0,   0.0829,    0.507,     0.36
   68.90,  -61.14,   0.0,   0.0828,    0.506,    0.361
   69.00,  -61.17,   0.0,   0.0827,    0.505,    0.361
   69.10,  -61.19,   0.0,   0.0825,    0.504,    0.362
   69.20,  -61.23,   0.0,   0.0823,    0.503,    0.362
   69.30,  -61.27,   0.0,    0.082,    0.502,    0.363
   69.40,  -61.31,   0.0,   0.0817,    0.502,    0.363
   69.50,  -61.35,   0.0,   0.0814,    0.501,    0.363
   69.60,  -61.41,   0.0,    0.081,      0.5,    0.364
   69.70,  -61.46,   0.0,   0.0806,      0.5,    0.364
   69.80,  -61.52,   0.0,   0.0801,    0.499,    0.364
   69.90,  -61.58,   0.0,   0.0796,    0.499,    0.365
   70.00,  -61.64,   0.0,   0.0791,    0.498,    0.365
   70.10,  -61.71,   0.0,   0.0786,    0.498,    0.365
   70.20,  -61.78,   0.0,    0.078,    0.497,    0.365
