#time (msec), membrane voltage (mV), stimulus level (nA), m, h, n
    0.10,  -61.83,   0.0,   0.0775,    0.498,    0.364
    0.20,  -61.90,   0.0,    0.077,    0.497,    0.364
    0.30,  -61.97,   0.0,   0.0764,    0.497,    0.365
    0.40,  -62.04,   0.0,   0.0758,    0.497,    0.365
    0.50,  -62.11,   0.0,   0.0752,    0.497,    0.365
    0.60,  -62.18,   0.0,   0.0746,    0.497,    0.364
    0.70,  -62.25,   0.0,    0.074,    0.497,    0.364
    0.80,  -62.33,   0.0,   0.0734,    0.497,    0.364
    0.90,  -62.40,   0.0,   0.0728,    0.497,    0.364
    1.00,  -62.47,   0.0,   0.0722,    0.497,    0.364
    1.10,  -62.54,   0.0,   0.0716,    0.497,    0.364
    1.20,  -62.61,   0.0,   0.0711,    0.497,    0.364
    1.30,  -62.67,   0.0,   0.0705,    0.498,    0.363
    1.40,  -62.74,   0.0,   0.0699,    0.498,    0.363
    1.50,  -62.80,   0.0,   0.0694,    0.498,    0.363
    1.60,  -62.86,   0.0,   0.0689,    0.499,    0.362
    1.70,  -62.92,   0.0,   0.0684,    0.499,    0.362
    1.80,  -62.97,   0.0,   0.0679,    0.499,    0.362
    1.90,  -63.02,   0.0,   0.0675,      0.5,    0.361
    2.00,  -63.07,   0.0,   0.0671,      0.5,    0.361
    2.10,  -63.12,   0.0,   0.0667,    0.501,    0.361
    2.20,  -63.16,   0.0,   0.0663,    0.501,     0.36
    2.30,  -63.20,   0.0,   0.0659,    0.502,     0.36
    2.40,  -63.24,   0.0,   0.0656,    0.502,     0.36
    2.50,  -63.28,   0.0,   0.0653,    0.503,    0.359
    2.60,  -63.31,   0.0,    0.065,    0.503,    0.359
    2.70,  -63.34,   0.0,   0.0647,    0.504,    0.358
    2.80,  -63.36,   0.0,   0.0645,    0.505,    0.358
    2.90,  -63.39,   0.0,   0.0643,    0.505,    0.357
    3.00,  -63.41,   0.0,   0.0641,    0.506,    0.357
    3.10,  -63.42,   0.0,   0.0639,    0.506,    0.357
    3.20,  -63.44,   0.0,   0.0638,    0.507,    0.356
    3.30,  -63.45,   0.0,   0.0636,    0.508,    0.356
    3.40,  -63.46,   0.0,   0.0635,    0.508,    0.355
    3.50,  -63.47,   0.0,   0.0634,    0.509,    0.355
    3.60,  -63.48,   0.0,   0.0634,    0.509,    0.355
    3.70,  -63.48,   0.0,   0.0633,     0.51,    0.354
    3.80,  -63.48,   0.0,   0.0633,    0.511,    0.354
    3.90,  -63.48,   0.0,   0.0632,    0.511,    0.354
    4.00,  -63.48,   0.0,   0.0632,    0.512,    0.353
    4.10,  -63.47,   0.0,   0.0632,    0.512,    0.353
    4.20,  -63.46,   0.0,   0.0633,    0.513,    0.353
    4.30,  -63.46,   0.0,   0.0633,    0.513,    0.352
    4.40,  -63.45,   0.0,   0.0633,    0.514,    0.352
    4.50,  -63.44,   0.0,   0.0634,    0.514,    0.352
    4.60,  -63.42,   0.0,   0.0635,    0.515,    0.351
    4.70,  -63.41,   0.0,   0.0636,    0.515,    0.351
    4.80,  -63.39,   0.0,   0.0637,    0.516,    0.351
    4.90,  -63.38,   0.0,   0.0638,    0.516,    0.351
    5.00,  -63.36,   0.0,   0.0639,    0.516,     0.35
    5.10,  -63.34,   0.0,    0.064,    0.517,     0.35
    5.20,  -63.32,   0.0,   0.0641,    0.517,     0.35
    5.30,  -63.30,   0.0,   0.0643,    0.518,     0.35
    5.40,  -63.28,   0.0,   0.0644,    0.518,     0.35
    5.50,  -63.26,   0.0,   0.0645,    0.518,     0.35
    5.60,  -63.24,   0.0,   0.0647,    0.518,    0.349
    5.70,  -63.21,   0.0,   0.0649,    0.519,    0.349
    5.80,  -63.19,   0.0,    0.065,    0.519,    0.349
    5.90,  -63.17,   0.0,   0.0652,    0.519,    0.349
    6.00,  -63.14,   0.0,   0.0654,    0.519,    0.349
    6.10,  -63.12,   0.0,   0.0656,     0.52,    0.349
    6.20,  -63.09,   0.0,   0.0657,     0.52,    0.349
    6.30,  -63.07,   0.0,   0.0659,     0.52,    0.349
    6.40,  -63.04,   0.0,   0.0661,     0.52,    0.349
    6.50,  -63.02,   0.0,   0.0663,     0.52,    0.349
    6.60,  -62.99,   0.0,   0.0665,     0.52,    0.349
    6.70,  -62.97,   0.0,   0.0667,     0.52,    0.349
    6.80,  -62.94,   0.0,   0.0669,     0.52,    0.349
    6.90,  -62.92,   0.0,   0.0671,     0.52,    0.349
    7.00,  -62.89,   0.0,   0.0673,    0.521,    0.349
    7.10,  -62.87,   0.0,   0.0675,    0.521,    0.349
    7.20,  -62.84,   0.0,   0.0677,    0.521,    0.349
    7.30,  -62.82,   0.0,   0.0678,     0.52,    0.349
    7.40,  -62.79,   0.0,    0.068,     0.52,    0.349
    7.50,  -62.77,   0.0,   0.0682,     0.52,    0.349
    7.60,  -62.75,   0.0,   0.0684,     0.52,    0.349
    7.70,  -62.73,   0.0,   0.0686,     0.52,    0.349
    7.80,  -62.70,   0.0,   0.0688,     0.52,    0.349
    7.90,  -62.68,   0.0,   0.0689,     0.52,     0.35
    8.00,  -62.66,   0.0,   0.0691,     0.52,     0.35
    8.10,  -62.64,   0.0,   0.0693,     0.52,     0.35
    8.20,  -62.62,   0.0,   0.0695,     0.52,     0.35
    8.30,  -62.60,   0.0,   0.0696,     0.52,     0.35
    8.40,  -62.58,   0.0,   0.0698,    0.519,     0.35
    8.50,  -62.57,   0.0,   0.0699,    0.519,     0.35
    8.60,  -62.55,   0.0,   0.0701,    0.519,     0.35
    8.70,  -62.53,   0.0,   0.0702,    0.519,    0.351
    8.80,  -62.52,   0.0,   0.0703,    0.519,    0.351
    8.90,  -62.50,   0.0,   0.0705,    0.518,    0.351
    9.00,  -62.49,   0.0,   0.0706,    0.518,    0.351
    9.10,  -62.48,   0.0,   0.0707,    0.518,    0.351
    9.20,  -62.47,   0.0,   0.0708,    0.518,    0.351
    9.30,  -62.45,   0.0,   0.0709,    0.518,    0.352
    9.40,  -62.44,   0.0,    0.071,    0.517,    0.352
    9.50,  -62.44,   0.0,   0.0711,    0.517,    0.352
    9.60,  -62.43,   0.0,   0.0712,    0.517,    0.352
    9.70,  -62.42,   0.0,   0.0713,    0.517,    0.352
    9.80,  -62.41,   0.0,   0.0713,    0.516,    0.352
    9.90,  -62.41,   0.0,   0.0714,    0.516,    0.353
   10.00,  -62.40,   0.0,   0.0715,    0.516,    0.353
   10.10,  -62.40,   0.0,   0.0715,    0.516,    0.353
   10.20,  -62.40,   0.0,   0.0715,    0.516,    0.353
   10.30,  -62.39,   0.0,   0.0716,    0.515,    0.353
   10.40,  -62.39,   0.0,   0.0716,    0.515,    0.353
   10.50,  -62.39,   0.0,   0.0716,    0.515,    0.353
   10.60,  -62.39,   0.0,   0.0716,    0.515,    0.354
   10.70,  -62.40,   0.0,   0.0716,    0.514,    0.354
   10.80,  -62.40,   0.0,   0.0716,    0.514,    0.354
   10.90,  -62.40,   0.0,   0.0716,    0.514,    0.354
   11.00,  -62.41,   0.0,   0.0716,    0.514,    0.354
   11.10,  -62.41,   0.0,   0.0716,    0.514,    0.354
   11.20,  -62.42,   0.0,   0.0715,    0.513,    0.354
   11.30,  -62.42,   0.0,   0.0715,    0.513,    0.354
   11.40,  -62.43,   0.0,   0.0714,    0.513,    0.354
   11.50,  -62.44,   0.0,   0.0714,    0.513,    0.355
   11.60,  -62.44,   0.0,   0.0713,    0.513,    0.355
   11.70,  -62.45,   0.0,   0.0713,    0.513,    0.355
   11.80,  -62.46,   0.0,   0.0712,    0.513,    0.355
   11.90,  -62.47,   0.0,   0.0711,    0.512,    0.355
   12.00,  -62.48,   0.0,   0.0711,    0.512,    0.355
   12.10,  -62.49,   0.0,    0.071,    0.512,    0.355
   12.20,  -62.50,   0.0,   0.0709,    0.512,    0.355
   12.30,  -62.52,   0.0,   0.0708,    0.512,    0.355
   12.40,  -62.53,   0.0,   0.0707,    0.512,    0.355
   12.50,  -62.54,   0.0,   0.0706,    0.512,    0.355
   12.60,  -62.55,   0.0,   0.0705,    0.512,    0.355
   12.70,  -62.56,   0.0,   0.0704,    0.512,    0.355
   12.80,  -62.58,   0.0,   0.0703,    0.512,    0.355
   12.90,  -62.59,   0.0,   0.0702,    0.512,    0.355
   13.00,  -62.60,   0.0,   0.0701,    0.512,    0.355
   13.10,  -62.61,   0.0,     0.07,    0.512,    0.355
   13.20,  -62.63,   0.0,   0.0699,    0.512,    0.355
   13.30,  -62.64,   0.0,   0.0698,    0.512,    0.355
   13.40,  -62.65,   0.0,   0.0697,    0.512,    0.355
   13.50,  -62.66,   0.0,   0.0696,    0.512,    0.355
   13.60,  -62.68,   0.0,   0.0695,    0.512,    0.355
   13.70,  -62.69,   0.0,   0.0694,    0.512,    0.355
   13.80,  -62.70,   0.0,   0.0694,    0.512,    0.355
   13.90,  -62.71,   0.0,   0.0693,    0.512,    0.355
   14.00,  -62.72,   0.0,   0.0692,    0.512,    0.355
   14.10,  -62.73,   0.0,   0.0691,    0.512,    0.355
   14.20,  -62.74,   0.0,    0.069,    0.512,    0.355
   14.30,  -62.75,   0.0,   0.0689,    0.512,    0.355
   14.40,  -62.76,   0.0,   0.0688,    0.512,    0.355
   14.50,  -62.59,   1.8,   0.0687,    0.512,    0.355
   14.60,  -62.43,   1.8,   0.0694,    0.512,    0.355
   14.70,  -62.27,   1.8,   0.0703,    0.512,    0.355
   14.80,  -62.11,   1.8,   0.0714,    0.512,    0.355
   14.90,  -61.96,   1.8,   0.0727,    0.511,    0.355
   15.00,  -61.80,   1.8,   0.0739,    0.511,    0.355
   15.10,  -61.64,   1.8,   0.0752,     0.51,    0.356
   15.20,  -61.48,   1.8,   0.0765,     0.51,    0.356
   15.30,  -61.33,   1.8,   0.0779,    0.509,    0.357
   15.40,  -61.17,   1.8,   0.0793,    0.508,    0.357
   15.50,  -61.01,   1.8,   0.0807,    0.507,    0.358
   15.60,  -60.85,   1.8,   0.0821,    0.506,    0.358
   15.70,  -60.69,   1.8,   0.0835,    0.505,    0.359
   15.80,  -60.53,   1.8,    0.085,    0.504,     0.36
   15.90,  -60.36,   1.8,   0.0865,    0.503,    0.361
   16.00,  -60.19,   1.8,   0.0881,    0.501,    0.361
   16.10,  -60.02,   1.8,   0.0897,      0.5,    0.362
   16.20,  -59.85,   1.8,   0.0913,    0.498,    0.363
   16.30,  -59.68,   1.8,    0.093,    0.497,    0.364
   16.40,  -59.50,   1.8,   0.0948,    0.495,    0.365
   16.50,  -59.31,   1.8,   0.0966,    0.493,    0.367
   16.60,  -59.12,   1.8,   0.0985,    0.491,    0.368
   16.70,  -58.92,   1.8,      0.1,    0.489,    0.369
   16.80,  -58.72,   1.8,    0.103,    0.487,     0.37
   16.90,  -58.51,   1.8,    0.105,    0.484,    0.372
   17.00,  -58.28,   1.8,    0.107,    0.482,    0.373
   17.10,  -58.05,   1.8,    0.109,     0.48,    0.375
   17.20,  -57.79,   1.8,    0.112,    0.477,    0.376
   17.30,  -57.52,   1.8,    0.115,    0.474,    0.378
   17.40,  -57.23,   1.8,    0.118,    0.471,     0.38
   17.50,  -56.91,   1.8,    0.121,    0.468,    0.381
   17.60,  -56.55,   1.8,    0.125,    0.465,    0.383
   17.70,  -56.15,   1.8,    0.129,    0.461,    0.385
   17.80,  -55.69,   1.8,    0.133,    0.457,    0.388
   17.90,  -55.15,   1.8,    0.139,    0.453,     0.39
   18.00,  -54.51,   1.8,    0.145,    0.449,    0.393
   18.10,  -53.72,   1.8,    0.153,    0.444,    0.396
   18.20,  -52.72,   1.8,    0.162,    0.438,    0.399
   18.30,  -51.40,   1.8,    0.174,    0.432,    0.402
   18.40,  -49.55,   1.8,     0.19,    0.425,    0.407
   18.50,  -46.80,   1.8,    0.212,    0.415,    0.412
   18.60,  -42.28,   1.8,    0.246,    0.403,    0.419
   18.70,  -33.80,   1.8,    0.301,    0.386,    0.428
   18.75,  -27.81,   1.8,    0.353,    0.371,    0.436
   18.77,  -24.27,   1.8,    0.388,    0.362,     0.44
   18.80,  -19.73,   1.8,    0.427,    0.352,    0.446
   18.82,  -14.07,   1.8,    0.471,    0.342,    0.452
   18.85,   -7.20,   1.8,    0.521,    0.331,     0.46
   18.86,   -3.81,   1.8,     0.55,    0.325,    0.464
   18.87,   -0.15,   1.8,    0.579,    0.319,    0.469
   18.89,    3.71,   1.8,    0.609,    0.313,    0.474
   18.90,    7.70,   1.8,     0.64,    0.308,    0.479
   18.91,   11.73,   1.8,    0.671,    0.302,    0.485
   18.92,   15.67,   1.8,    0.702,    0.296,    0.491
   18.94,   19.40,   1.8,    0.732,    0.291,    0.497
   18.95,   22.82,   1.8,    0.761,    0.286,    0.504
   18.96,   25.84,   1.8,    0.788,     0.28,     0.51
   18.99,   31.43,   1.8,    0.836,     0.27,    0.524
   19.01,   34.23,   1.8,    0.877,     0.26,    0.539
   19.04,   35.10,   1.8,    0.909,     0.25,    0.554
   19.06,   34.82,   1.8,    0.932,    0.241,    0.568
   19.09,   33.91,   1.8,     0.95,    0.232,    0.581
   19.11,   32.65,   1.8,    0.962,    0.223,    0.595
   19.14,   31.16,   1.8,    0.971,    0.215,    0.607
   19.16,   29.51,   1.8,    0.978,    0.207,    0.619
   19.19,   27.75,   1.8,    0.983,    0.199,     0.63
   19.21,   25.91,   1.8,    0.986,    0.192,     0.64
   19.24,   23.99,   1.8,    0.988,    0.185,     0.65
   19.26,   22.03,   1.8,     0.99,    0.178,    0.659
   19.29,   20.03,   1.8,    0.991,    0.172,    0.668
   19.31,   18.01,   1.8,    0.992,    0.165,    0.676
   19.34,   15.98,   1.8,    0.992,    0.159,    0.684
   19.36,   13.94,   1.8,    0.992,    0.153,    0.691
   19.39,   11.90,   1.8,    0.992,    0.148,    0.698
   19.41,    9.87,   1.8,    0.991,    0.142,    0.704
   19.44,    7.85,   1.8,    0.991,    0.137,     0.71
   19.46,    5.85,   1.8,     0.99,    0.132,    0.716
   19.49,    3.87,   1.8,    0.989,    0.127,    0.721
   19.51,    1.91,   1.8,    0.987,    0.123,    0.726
   19.54,   -0.03,   1.8,    0.986,    0.118,     0.73
   19.56,   -1.93,   1.8,    0.984,    0.114,    0.734
   19.59,   -3.82,   1.8,    0.982,     0.11,    0.738
   19.61,   -5.67,   1.8,     0.98,    0.106,    0.741
   19.64,   -7.50,   1.8,    0.977,    0.103,    0.744
   19.66,   -9.30,   1.8,    0.974,   0.0993,    0.747
   19.69,  -11.07,   1.8,    0.971,    0.096,     0.75
   19.71,  -12.81,   1.8,    0.967,   0.0929,    0.752
   19.74,  -14.53,   1.8,    0.963,     0.09,    0.754
   19.76,  -16.22,   1.8,    0.958,   0.0872,    0.756
   19.79,  -17.89,   1.8,    0.953,   0.0846,    0.758
   19.81,  -19.54,   1.8,    0.947,   0.0821,    0.759
   19.84,  -21.16,   1.8,     0.94,   0.0799,    0.761
   19.86,  -22.76,   1.8,    0.933,   0.0778,    0.762
   19.89,  -24.34,   1.8,    0.925,   0.0758,    0.763
   19.94,  -28.90,   1.8,    0.908,   0.0723,    0.764
   19.99,  -32.16,   1.8,    0.884,   0.0696,    0.764
   20.04,  -35.37,   1.8,    0.854,   0.0676,    0.764
   20.09,  -38.64,   1.8,     0.82,   0.0662,    0.763
   20.14,  -42.03,   1.8,    0.779,   0.0655,    0.762
   20.19,  -45.59,   1.8,     0.73,   0.0654,     0.76
   20.24,  -49.35,   1.8,    0.673,    0.066,    0.757
   20.29,  -53.31,   1.8,    0.606,   0.0673,    0.753
   20.34,  -57.33,   1.8,    0.528,   0.0693,    0.749
   20.39,  -61.19,   1.8,    0.443,   0.0721,    0.745
   20.44,  -64.56,   1.8,    0.353,   0.0758,    0.739
   20.54,  -70.78,   1.8,    0.194,   0.0847,    0.728
   20.64,  -71.35,   1.8,   0.0784,   0.0971,    0.715
   20.74,  -71.39,   1.8,   0.0404,     0.11,    0.702
   20.84,  -71.36,   1.8,    0.029,    0.122,     0.69
   20.94,  -71.31,   1.8,   0.0258,    0.134,    0.678
   21.04,  -71.25,   1.8,   0.0249,    0.146,    0.666
   21.14,  -71.20,   1.8,   0.0248,    0.158,    0.655
   21.24,  -71.14,   1.8,   0.0249,    0.169,    0.643
   21.34,  -71.07,   1.8,    0.025,     0.18,    0.633
   21.44,  -71.01,   1.8,   0.0252,    0.191,    0.622
   21.54,  -70.94,   1.8,   0.0254,    0.202,    0.612
   21.64,  -70.87,   1.8,   0.0256,    0.212,    0.602
   21.74,  -70.79,   1.8,   0.0259,    0.223,    0.592
   21.84,  -70.72,   1.8,   0.0261,    0.232,    0.583
   21.94,  -70.64,   1.8,   0.0263,    0.242,    0.574
   22.04,  -70.55,   1.8,   0.0266,    0.252,    0.565
   22.14,  -70.47,   1.8,   0.0269,    0.261,    0.556
   22.24,  -70.38,   1.8,   0.0271,     0.27,    0.548
   22.34,  -70.28,   1.8,   0.0274,    0.279,     0.54
   22.44,  -70.19,   1.8,   0.0278,    0.288,    0.532
   22.54,  -70.09,   1.8,   0.0281,    0.296,    0.524
   22.64,  -69.99,   1.8,   0.0284,    0.304,    0.517
   22.74,  -69.89,   1.8,   0.0288,    0.312,     0.51
   22.84,  -69.78,   1.8,   0.0291,     0.32,    0.503
   22.94,  -69.67,   1.8,   0.0295,    0.328,    0.496
   23.04,  -69.56,   1.8,   0.0299,    0.335,     0.49
   23.14,  -69.45,   1.8,   0.0303,    0.342,    0.484
   23.24,  -69.33,   1.8,   0.0307,    0.349,    0.477
   23.34,  -69.21,   1.8,   0.0312,    0.356,    0.472
   23.44,  -69.09,   1.8,   0.0316,    0.363,    0.466
   23.54,  -68.97,   1.8,   0.0321,    0.369,     0.46
   23.64,  -68.84,   1.8,   0.0326,    0.375,    0.455
   23.74,  -68.71,   1.8,   0.0331,    0.381,     0.45
   23.84,  -68.59,   1.8,   0.0336,    0.387,    0.445
   23.94,  -68.45,   1.8,   0.0341,    0.393,     0.44
   24.04,  -68.32,   1.8,   0.0346,    0.399,    0.435
   24.14,  -68.19,   1.8,   0.0352,    0.404,    0.431
   24.24,  -68.05,   1.8,   0.0358,    0.409,    0.427
   24.34,  -67.91,   1.8,   0.0364,    0.414,    0.423
   24.44,  -67.78,   1.8,    0.037,    0.419,    0.419
   24.54,  -67.64,   1.8,   0.0376,    0.424,    0.415
   24.64,  -67.50,   1.8,   0.0382,    0.428,    0.411
   24.74,  -67.35,   1.8,   0.0389,    0.433,    0.408
   24.84,  -67.21,   1.8,   0.0395,    0.437,    0.404
   24.94,  -67.07,   1.8,   0.0402,    0.441,    0.401
   25.04,  -66.92,   1.8,   0.0409,    0.445,    0.398
   25.14,  -66.78,   1.8,   0.0416,    0.449,    0.395
   25.24,  -66.63,   1.8,   0.0423,    0.452,    0.392
   25.34,  -66.49,   1.8,    0.043,    0.456,     0.39
   25.44,  -66.34,   1.8,   0.0438,    0.459,    0.387
   25.54,  -66.20,   1.8,   0.0446,    0.462,    0.385
   25.64,  -66.05,   1.8,   0.0453,    0.465,    0.382
   25.74,  -65.91,   1.8,   0.0461,    0.468,     0.38
   25.84,  -65.76,   1.8,   0.0469,    0.471,    0.378
   25.94,  -65.61,   1.8,   0.0477,    0.474,    0.376
   26.04,  -65.47,   1.8,   0.0486,    0.476,    0.374
   26.14,  -65.32,   1.8,   0.0494,    0.479,    0.373
   26.24,  -65.18,   1.8,   0.0503,    0.481,    0.371
   26.34,  -65.03,   1.8,   0.0511,    0.483,    0.369
   26.44,  -64.88,   1.8,    0.052,    0.485,    0.368
   26.54,  -64.74,   1.8,   0.0529,    0.487,    0.367
   26.64,  -64.59,   1.8,   0.0538,    0.489,    0.365
   26.74,  -64.45,   1.8,   0.0547,     0.49,    0.364
   26.84,  -64.31,   1.8,   0.0557,    0.492,    0.363
   26.94,  -64.16,   1.8,   0.0566,    0.493,    0.362
   27.04,  -64.02,   1.8,   0.0575,    0.494,    0.361
   27.14,  -63.88,   1.8,   0.0585,    0.496,    0.361
   27.24,  -63.73,   1.8,   0.0595,    0.497,     0.36
   27.34,  -63.59,   1.8,   0.0605,    0.498,    0.359
   27.44,  -63.45,   1.8,   0.0615,    0.499,    0.359
   27.54,  -63.31,   1.8,   0.0625,    0.499,    0.358
   27.64,  -63.17,   1.8,   0.0635,      0.5,    0.358
   27.74,  -63.03,   1.8,   0.0645,    0.501,    0.358
   27.84,  -62.88,   1.8,   0.0656,    0.501,    0.357
   27.94,  -62.74,   1.8,   0.0666,    0.501,    0.357
   28.04,  -62.60,   1.8,   0.0677,    0.502,    0.357
   28.14,  -62.47,   1.8,   0.0688,    0.502,    0.357
   28.24,  -62.33,   1.8,   0.0699,    0.502,    0.357
   28.34,  -62.19,   1.8,    0.071,    0.502,    0.357
   28.44,  -62.05,   1.8,   0.0721,    0.502,    0.357
   28.54,  -61.91,   1.8,   0.0733,    0.502,    0.357
   28.64,  -61.77,   1.8,   0.0744,    0.501,    0.358
   28.74,  -61.63,   1.8,   0.0756,    0.501,    0.358
   28.84,  -61.49,   1.8,   0.0768,      0.5,    0.358
   28.94,  -61.35,   1.8,    0.078,      0.5,    0.359
   29.04,  -61.21,   1.8,   0.0792,    0.499,    0.359
   29.14,  -61.07,   1.8,   0.0804,    0.498,     0.36
   29.24,  -60.93,   1.8,   0.0817,    0.498,     0.36
   29.34,  -60.79,   1.8,    0.083,    0.497,    0.361
   29.44,  -60.65,   1.8,   0.0843,    0.496,    0.361
   29.54,  -60.51,   1.8,   0.0856,    0.495,    0.362
   29.64,  -60.36,   1.8,   0.0869,    0.494,    0.363
   29.74,  -60.22,   1.8,   0.0883,    0.492,    0.364
   29.84,  -60.07,   1.8,   0.0897,    0.491,    0.365
   29.94,  -59.93,   1.8,   0.0911,     0.49,    0.365
   30.04,  -59.78,   1.8,   0.0926,    0.488,    0.366
   30.14,  -59.63,   1.8,   0.0941,    0.487,    0.367
   30.24,  -59.47,   1.8,   0.0956,    0.485,    0.368
   30.34,  -59.32,   1.8,   0.0972,    0.484,    0.369
   30.44,  -59.16,   1.8,   0.0988,    0.482,     0.37
   30.54,  -59.00,   1.8,      0.1,     0.48,    0.372
   30.64,  -58.83,   1.8,    0.102,    0.478,    0.373
   30.74,  -58.66,   1.8,    0.104,    0.476,    0.374
   30.84,  -58.48,   1.8,    0.106,    0.474,    0.375
   30.94,  -58.29,   1.8,    0.108,    0.472,    0.377
   31.04,  -58.10,   1.8,     0.11,    0.469,    0.378
   31.14,  -57.90,   1.8,    0.112,    0.467,     0.38
   31.24,  -57.68,   1.8,    0.114,    0.464,    0.381
   31.34,  -57.46,   1.8,    0.117,    0.462,    0.383
   31.44,  -57.21,   1.8,    0.119,    0.459,    0.384
   31.54,  -56.95,   1.8,    0.122,    0.456,    0.386
   31.64,  -56.66,   1.8,    0.125,    0.453,    0.388
   31.74,  -56.35,   1.8,    0.128,     0.45,     0.39
   31.84,  -55.99,   1.8,    0.132,    0.447,    0.392
   31.94,  -55.58,   1.8,    0.136,    0.443,    0.394
   32.04,  -55.11,   1.8,    0.141,    0.439,    0.396
   32.14,  -54.55,   1.8,    0.147,    0.435,    0.398
   32.24,  -53.88,   1.8,    0.154,     0.43,    0.401
   32.34,  -53.04,   1.8,    0.162,    0.425,    0.404
   32.44,  -51.94,   1.8,    0.172,     0.42,    0.407
   32.54,  -50.46,   1.8,    0.185,    0.413,    0.411
   32.64,  -48.35,   1.8,    0.203,    0.405,    0.416
   32.74,  -45.07,   1.8,    0.229,    0.395,    0.421
   32.84,  -39.44,   1.8,     0.27,    0.382,    0.429
   32.94,  -28.28,   1.8,    0.338,    0.362,     0.44
   32.99,  -20.31,   1.8,    0.407,    0.345,    0.449
   33.01,  -15.68,   1.8,    0.452,    0.334,    0.455
   33.04,   -9.80,   1.8,    0.501,    0.324,    0.462
   33.06,   -2.70,   1.8,    0.555,    0.313,     0.47
   33.07,    0.71,   1.8,    0.585,    0.307,    0.475
   33.09,    4.33,   1.8,    0.616,    0.301,     0.48
   33.10,    8.07,   1.8,    0.646,    0.296,    0.485
   33.11,   11.86,   1.8,    0.677,     0.29,    0.491
   33.12,   15.56,   1.8,    0.707,    0.285,    0.497
   33.14,   19.08,   1.8,    0.737,     0.28,    0.503
   33.15,   22.30,   1.8,    0.765,    0.275,     0.51
   33.16,   25.15,   1.8,    0.791,     0.27,    0.516
   33.19,   30.43,   1.8,    0.839,     0.26,     0.53
   33.21,   33.14,   1.8,    0.878,     0.25,    0.544
   33.24,   34.01,   1.8,    0.909,    0.241,    0.558
   33.26,   33.75,   1.8,    0.932,    0.232,    0.572
   33.29,   32.85,   1.8,    0.949,    0.223,    0.586
   33.31,   31.58,   1.8,    0.962,    0.215,    0.598
   33.34,   30.07,   1.8,    0.971,    0.207,     0.61
   33.36,   28.41,   1.8,    0.977,    0.199,    0.622
   33.39,   26.63,   1.8,    0.982,    0.192,    0.633
   33.41,   24.77,   1.8,    0.985,    0.185,    0.643
   33.44,   22.84,   1.8,    0.988,    0.178,    0.653
   33.46,   20.86,   1.8,    0.989,    0.171,    0.662
   33.49,   18.85,   1.8,    0.991,    0.165,     0.67
   33.51,   16.81,   1.8,    0.991,    0.159,    0.678
   33.54,   14.77,   1.8,    0.991,    0.153,    0.686
   33.56,   12.72,   1.8,    0.991,    0.148,    0.693
   33.59,   10.68,   1.8,    0.991,    0.142,    0.699
   33.61,    8.64,   1.8,    0.991,    0.137,    0.705
   33.64,    6.63,   1.8,     0.99,    0.132,    0.711
   33.66,    4.63,   1.8,    0.989,    0.127,    0.716
   33.69,    2.65,   1.8,    0.988,    0.123,    0.721
   33.71,    0.69,   1.8,    0.986,    0.118,    0.726
   33.74,   -1.23,   1.8,    0.985,    0.114,     0.73
   33.76,   -3.14,   1.8,    0.983,     0.11,    0.734
   33.79,   -5.01,   1.8,    0.981,    0.106,    0.738
   33.81,   -6.86,   1.8,    0.978,    0.103,    0.741
   33.84,   -8.67,   1.8,    0.975,   0.0991,    0.744
   33.86,  -10.46,   1.8,    0.972,   0.0958,    0.747
   33.89,  -12.23,   1.8,    0.968,   0.0927,    0.749
   33.91,  -13.96,   1.8,    0.964,   0.0897,    0.751
   33.94,  -15.67,   1.8,     0.96,   0.0869,    0.753
   33.96,  -17.35,   1.8,    0.954,   0.0843,    0.755
   33.99,  -19.01,   1.8,    0.949,   0.0818,    0.757
   34.01,  -20.65,   1.8,    0.942,   0.0796,    0.758
   34.04,  -22.26,   1.8,    0.935,   0.0774,    0.759
   34.06,  -23.85,   1.8,    0.928,   0.0754,     0.76
   34.11,  -28.43,   1.8,    0.911,   0.0719,    0.762
   34.16,  -31.70,   1.8,    0.887,   0.0691,    0.762
   34.21,  -34.91,   1.8,    0.859,    0.067,    0.762
   34.26,  -38.17,   1.8,    0.825,   0.0656,    0.762
   34.31,  -41.53,   1.8,    0.785,   0.0648,     0.76
   34.36,  -45.05,   1.8,    0.738,   0.0647,    0.758
   34.41,  -48.77,   1.8,    0.682,   0.0652,    0.755
   34.46,  -52.68,   1.8,    0.616,   0.0664,    0.752
   34.51,  -56.69,   1.8,    0.541,   0.0683,    0.748
   34.56,  -60.58,   1.8,    0.456,    0.071,    0.744
   34.61,  -64.04,   1.8,    0.367,   0.0745,    0.739
   34.71,  -70.61,   1.8,    0.206,   0.0832,    0.727
   34.81,  -71.32,   1.8,   0.0833,   0.0955,    0.714
   34.91,  -71.38,   1.8,   0.0419,    0.108,    0.702
   35.01,  -71.35,   1.8,   0.0295,    0.121,    0.689
   35.11,  -71.30,   1.8,   0.0259,    0.133,    0.677
   35.21,  -71.25,   1.8,    0.025,    0.145,    0.666
   35.31,  -71.19,   1.8,   0.0248,    0.156,    0.654
   35.41,  -71.13,   1.8,   0.0249,    0.168,    0.643
   35.51,  -71.07,   1.8,    0.025,    0.179,    0.632
   35.61,  -71.01,   1.8,   0.0252,     0.19,    0.622
   35.71,  -70.94,   1.8,   0.0254,    0.201,    0.611
   35.81,  -70.87,   1.8,   0.0256,    0.211,    0.602
   35.91,  -70.79,   1.8,   0.0259,    0.221,    0.592
   36.01,  -70.71,   1.8,   0.0261,    0.231,    0.583
   36.11,  -70.63,   1.8,   0.0263,    0.241,    0.573
   36.21,  -70.55,   1.8,   0.0266,     0.25,    0.565
   36.31,  -70.46,   1.8,   0.0269,     0.26,    0.556
   36.41,  -70.37,   1.8,   0.0272,    0.269,    0.548
   36.51,  -70.28,   1.8,   0.0275,    0.278,     0.54
   36.61,  -70.19,   1.8,   0.0278,    0.286,    0.532
   36.71,  -70.09,   1.8,   0.0281,    0.295,    0.524
   36.81,  -69.99,   1.8,   0.0284,    0.303,    0.517
   36.91,  -69.88,   1.8,   0.0288,    0.311,     0.51
   37.01,  -69.78,   1.8,   0.0291,    0.319,    0.503
   37.11,  -69.67,   1.8,   0.0295,    0.326,    0.496
   37.21,  -69.56,   1.8,   0.0299,    0.334,     0.49
   37.31,  -69.44,   1.8,   0.0303,    0.341,    0.483
   37.41,  -69.33,   1.8,   0.0307,    0.348,    0.477
   37.51,  -69.21,   1.8,   0.0312,    0.355,    0.471
   37.61,  -69.09,   1.8,   0.0316,    0.362,    0.466
   37.71,  -68.96,   1.8,   0.0321,    0.368,     0.46
   37.81,  -68.84,   1.8,   0.0326,    0.374,    0.455
   37.91,  -68.71,   1.8,   0.0331,     0.38,     0.45
   38.01,  -68.58,   1.8,   0.0336,    0.386,    0.445
   38.11,  -68.45,   1.8,   0.0341,    0.392,     0.44
   38.21,  -68.32,   1.8,   0.0347,    0.398,    0.435
   38.31,  -68.18,   1.8,   0.0352,    0.403,    0.431
   38.41,  -68.05,   1.8,   0.0358,    0.408,    0.427
   38.51,  -67.91,   1.8,   0.0364,    0.413,    0.422
   38.61,  -67.77,   1.8,    0.037,    0.418,    0.419
   38.71,  -67.63,   1.8,   0.0376,    0.423,    0.415
   38.81,  -67.49,   1.8,   0.0382,    0.427,    0.411
   38.91,  -67.35,   1.8,   0.0389,    0.432,    0.408
   39.01,  -67.21,   1.8,   0.0395,    0.436,    0.404
   39.11,  -67.06,   1.8,   0.0402,     0.44,    0.401
   39.21,  -66.92,   1.8,   0.0409,    0.444,    0.398
   39.31,  -66.77,   1.8,   0.0416,    0.448,    0.395
   39.41,  -66.63,   1.8,   0.0423,    0.452,    0.392
   39.51,  -66.48,   1.8,   0.0431,    0.455,     0.39
   39.61,  -66.34,   1.8,   0.0438,    0.458,    0.387
   39.71,  -66.19,   1.8,   0.0446,    0.462,    0.385
   39.81,  -66.05,   1.8,   0.0454,    0.465,    0.382
   39.91,  -65.90,   1.8,   0.0462,    0.468,     0.38
   40.01,  -65.75,   1.8,    0.047,     0.47,    0.378
   40.11,  -65.61,   1.8,   0.0478,    0.473,    0.376
   40.21,  -65.46,   1.8,   0.0486,    0.475,    0.374
   40.31,  -65.32,   1.8,   0.0494,    0.478,    0.373
   40.41,  -65.17,   1.8,   0.0503,     0.48,    0.371
   40.51,  -65.02,   1.8,   0.0512,    0.482,    0.369
   40.61,  -64.88,   1.8,    0.052,    0.484,    0.368
   40.71,  -64.73,   1.8,   0.0529,    0.486,    0.367
   40.81,  -64.59,   1.8,   0.0538,    0.488,    0.365
   40.91,  -64.45,   1.8,   0.0548,     0.49,    0.364
   41.01,  -64.30,   1.8,   0.0557,    0.491,    0.363
   41.11,  -64.16,   1.8,   0.0566,    0.493,    0.362
   41.21,  -64.01,   1.8,   0.0576,    0.494,    0.361
   41.31,  -63.87,   1.8,   0.0585,    0.495,    0.361
   41.41,  -63.73,   1.8,   0.0595,    0.496,     0.36
   41.51,  -63.59,   1.8,   0.0605,    0.497,    0.359
   41.61,  -63.44,   1.8,   0.0615,    0.498,    0.359
   41.71,  -63.30,   1.8,   0.0625,    0.499,    0.358
   41.81,  -63.16,   1.8,   0.0635,    0.499,    0.358
   41.91,  -63.02,   1.8,   0.0646,      0.5,    0.358
   42.01,  -62.88,   1.8,   0.0656,      0.5,    0.357
   42.11,  -62.74,   1.8,   0.0667,    0.501,    0.357
   42.21,  -62.60,   1.8,   0.0677,    0.501,    0.357
   42.31,  -62.46,   1.8,   0.0688,    0.501,    0.357
   42.41,  -62.32,   1.8,   0.0699,    0.501,    0.357
   42.51,  -62.18,   1.8,    0.071,    0.501,    0.357
   42.61,  -62.05,   1.8,   0.0722,    0.501,    0.357
   42.71,  -61.91,   1.8,   0.0733,    0.501,    0.357
   42.81,  -61.77,   1.8,   0.0745,    0.501,    0.358
   42.91,  -61.63,   1.8,   0.0756,      0.5,    0.358
   43.01,  -61.49,   1.8,   0.0768,      0.5,    0.358
   43.11,  -61.35,   1.8,    0.078,    0.499,    0.359
   43.21,  -61.21,   1.8,   0.0792,    0.499,    0.359
   43.31,  -61.07,   1.8,   0.0805,    0.498,     0.36
   43.41,  -60.93,   1.8,   0.0817,    0.497,     0.36
   43.51,  -60.79,   1.8,    0.083,    0.496,    0.361
   43.61,  -60.65,   1.8,   0.0843,    0.495,    0.361
   43.71,  -60.51,   1.8,   0.0856,    0.494,    0.362
   43.81,  -60.37,   1.8,   0.0869,    0.493,    0.363
   43.91,  -60.22,   1.8,   0.0883,    0.492,    0.364
   44.01,  -60.08,   1.8,   0.0897,    0.491,    0.365
   44.11,  -59.93,   1.8,   0.0911,    0.489,    0.365
   44.21,  -59.78,   1.8,   0.0926,    0.488,    0.366
   44.31,  -59.63,   1.8,    0.094,    0.486,    0.367
   44.41,  -59.48,   1.8,   0.0956,    0.485,    0.368
   44.51,  -59.32,   1.8,   0.0971,    0.483,    0.369
   44.61,  -59.16,   1.8,   0.0987,    0.481,     0.37
   44.71,  -59.00,   1.8,      0.1,     0.48,    0.372
   44.81,  -58.83,   1.8,    0.102,    0.478,    0.373
   44.91,  -58.66,   1.8,    0.104,    0.476,    0.374
   45.01,  -58.49,   1.8,    0.106,    0.474,    0.375
   45.11,  -58.30,   1.8,    0.108,    0.471,    0.377
   45.21,  -58.11,   1.8,     0.11,    0.469,    0.378
   45.31,  -57.91,   1.8,    0.112,    0.467,     0.38
   45.41,  -57.70,   1.8,    0.114,    0.464,    0.381
   45.51,  -57.47,   1.8,    0.116,    0.462,    0.383
   45.61,  -57.23,   1.8,    0.119,    0.459,    0.384
   45.71,  -56.97,   1.8,    0.122,    0.456,    0.386
   45.81,  -56.69,   1.8,    0.125,    0.453,    0.388
   45.91,  -56.37,   1.8,    0.128,     0.45,     0.39
   46.01,  -56.02,   1.8,    0.132,    0.446,    0.392
   46.11,  -55.62,   1.8,    0.136,    0.443,    0.394
   46.21,  -55.16,   1.8,    0.141,    0.439,    0.396
   46.31,  -54.61,   1.8,    0.146,    0.435,    0.398
   46.41,  -53.95,   1.8,    0.153,     0.43,    0.401
   46.51,  -53.13,   1.8,    0.161,    0.426,    0.404
   46.61,  -52.07,   1.8,    0.171,     0.42,    0.407
   46.71,  -50.65,   1.8,    0.184,    0.413,    0.411
   46.81,  -48.62,   1.8,    0.201,    0.406,    0.415
   46.91,  -45.52,   1.8,    0.226,    0.396,    0.421
   47.01,  -40.26,   1.8,    0.264,    0.383,    0.428
   47.11,  -30.03,   1.8,    0.328,    0.364,    0.438
   47.16,  -22.76,   1.8,    0.392,    0.348,    0.447
   47.19,  -18.51,   1.8,    0.433,    0.338,    0.453
   47.21,  -13.09,   1.8,    0.479,    0.328,    0.459
   47.24,   -6.47,   1.8,     0.53,    0.317,    0.467
   47.25,   -3.22,   1.8,    0.558,    0.311,    0.471
   47.26,    0.29,   1.8,    0.588,    0.306,    0.476
   47.28,    3.99,   1.8,    0.618,      0.3,    0.481
   47.29,    7.80,   1.8,    0.648,    0.295,    0.486
   47.30,   11.63,   1.8,    0.678,    0.289,    0.492
   47.31,   15.37,   1.8,    0.708,    0.284,    0.497
   47.33,   18.92,   1.8,    0.737,    0.279,    0.504
   47.34,   22.16,   1.8,    0.765,    0.274,     0.51
   47.35,   25.02,   1.8,    0.792,    0.269,    0.517
   47.38,   30.32,   1.8,    0.839,    0.259,     0.53
   47.40,   33.04,   1.8,    0.878,    0.249,    0.545
   47.43,   33.91,   1.8,    0.909,     0.24,    0.559
   47.45,   33.65,   1.8,    0.932,    0.231,    0.573
   47.48,   32.76,   1.8,    0.949,    0.222,    0.586
   47.50,   31.49,   1.8,    0.962,    0.214,    0.599
   47.53,   29.98,   1.8,    0.971,    0.206,    0.611
   47.55,   28.32,   1.8,    0.977,    0.199,    0.622
   47.58,   26.54,   1.8,    0.982,    0.191,    0.633
   47.60,   24.67,   1.8,    0.985,    0.184,    0.643
   47.63,   22.74,   1.8,    0.988,    0.177,    0.653
   47.65,   20.75,   1.8,    0.989,    0.171,    0.662
   47.68,   18.74,   1.8,    0.991,    0.164,     0.67
   47.70,   16.71,   1.8,    0.991,    0.158,    0.678
   47.73,   14.66,   1.8,    0.991,    0.153,    0.686
   47.75,   12.61,   1.8,    0.991,    0.147,    0.693
   47.78,   10.57,   1.8,    0.991,    0.142,    0.699
   47.80,    8.53,   1.8,    0.991,    0.136,    0.705
   47.83,    6.52,   1.8,     0.99,    0.131,    0.711
   47.85,    4.52,   1.8,    0.989,    0.127,    0.716
   47.88,    2.54,   1.8,    0.988,    0.122,    0.721
   47.90,    0.58,   1.8,    0.986,    0.118,    0.726
   47.93,   -1.34,   1.8,    0.985,    0.114,     0.73
   47.95,   -3.25,   1.8,    0.983,     0.11,    0.734
   47.98,   -5.12,   1.8,     0.98,    0.106,    0.737
   48.00,   -6.96,   1.8,    0.978,    0.102,    0.741
   48.03,   -8.78,   1.8,    0.975,   0.0988,    0.744
   48.05,  -10.57,   1.8,    0.972,   0.0955,    0.747
   48.08,  -12.33,   1.8,    0.968,   0.0924,    0.749
   48.10,  -14.07,   1.8,    0.964,   0.0894,    0.751
   48.13,  -15.77,   1.8,    0.959,   0.0866,    0.753
   48.15,  -17.46,   1.8,    0.954,    0.084,    0.755
   48.18,  -19.11,   1.8,    0.948,   0.0816,    0.757
   48.20,  -20.75,   1.8,    0.942,   0.0793,    0.758
   48.23,  -22.36,   1.8,    0.935,   0.0772,    0.759
   48.25,  -23.95,   1.8,    0.927,   0.0752,     0.76
   48.30,  -28.53,   1.8,     0.91,   0.0717,    0.762
   48.35,  -31.80,   1.8,    0.887,   0.0689,    0.762
   48.40,  -35.01,   1.8,    0.858,   0.0669,    0.762
   48.45,  -38.27,   1.8,    0.824,   0.0655,    0.761
   48.50,  -41.63,   1.8,    0.784,   0.0647,     0.76
   48.55,  -45.16,   1.8,    0.736,   0.0646,    0.758
   48.60,  -48.89,   1.8,     0.68,   0.0651,    0.755
   48.65,  -52.80,   1.8,    0.614,   0.0664,    0.752
   48.70,  -56.81,   1.8,    0.538,   0.0683,    0.748
   48.75,  -60.69,   1.8,    0.453,    0.071,    0.743
   48.80,  -64.13,   1.8,    0.364,   0.0746,    0.738
   48.90,  -70.63,   1.8,    0.204,   0.0833,    0.727
   49.00,  -71.33,   1.8,   0.0825,   0.0956,    0.714
   49.10,  -71.38,   1.8,   0.0417,    0.108,    0.701
   49.20,  -71.35,   1.8,   0.0294,    0.121,    0.689
   49.30,  -71.30,   1.8,   0.0259,    0.133,    0.677
   49.40,  -71.25,   1.8,    0.025,    0.145,    0.665
   49.50,  -71.19,   1.8,   0.0248,    0.156,    0.654
   49.60,  -71.13,   1.8,   0.0249,    0.168,    0.643
   49.70,  -71.07,   1.8,    0.025,    0.179,    0.632
   49.80,  -71.00,   1.8,   0.0252,     0.19,    0.621
   49.90,  -70.93,   1.8,   0.0254,    0.201,    0.611
   50.00,  -70.86,   1.8,   0.0256,    0.211,    0.601
   50.10,  -70.79,   1.8,   0.0259,    0.221,    0.592
   50.20,  -70.71,   1.8,   0.0261,    0.231,    0.582
   50.30,  -70.63,   1.8,   0.0264,    0.241,    0.573
   50.40,  -70.55,   1.8,   0.0266,     0.25,    0.564
   50.50,  -70.46,   1.8,   0.0269,     0.26,    0.556
   50.60,  -70.37,   1.8,   0.0272,    0.269,    0.547
   50.70,  -70.28,   1.8,   0.0275,    0.278,    0.539
   50.80,  -70.18,   1.8,   0.0278,    0.286,    0.532
   50.90,  -70.09,   1.8,   0.0281,    0.295,    0.524
   51.00,  -69.98,   1.8,   0.0284,    0.303,    0.517
   51.10,  -69.88,   1.8,   0.0288,    0.311,    0.509
   51.20,  -69.77,   1.8,   0.0292,    0.319,    0.503
   51.30,  -69.67,   1.8,   0.0295,    0.327,    0.496
   51.40,  -69.55,   1.8,   0.0299,    0.334,    0.489
   51.50,  -69.44,   1.8,   0.0303,    0.341,    0.483
   51.60,  -69.32,   1.8,   0.0308,    0.348,    0.477
   51.70,  -69.20,   1.8,   0.0312,    0.355,    0.471
   51.80,  -69.08,   1.8,   0.0316,    0.362,    0.465
   51.90,  -68.96,   1.8,   0.0321,    0.368,     0.46
   52.00,  -68.83,   1.8,   0.0326,    0.374,    0.455
   52.10,  -68.71,   1.8,   0.0331,     0.38,    0.449
   52.20,  -68.58,   1.8,   0.0336,    0.386,    0.445
   52.30,  -68.45,   1.8,   0.0341,    0.392,     0.44
   52.40,  -68.31,   1.8,   0.0347,    0.398,    0.435
   52.50,  -68.18,   1.8,   0.0352,    0.403,    0.431
   52.60,  -68.04,   1.8,   0.0358,    0.408,    0.426
   52.70,  -67.90,   1.8,   0.0364,    0.413,    0.422
   52.80,  -67.77,   1.8,    0.037,    0.418,    0.418
   52.90,  -67.63,   1.8,   0.0376,    0.423,    0.415
   53.00,  -67.49,   1.8,   0.0382,    0.427,    0.411
   53.10,  -67.34,   1.8,   0.0389,    0.432,    0.408
   53.20,  -67.20,   1.8,   0.0396,    0.436,    0.404
   53.30,  -67.06,   1.8,   0.0402,     0.44,    0.401
   53.40,  -66.92,   1.8,   0.0409,    0.444,    0.398
   53.50,  -66.77,   1.8,   0.0416,    0.448,    0.395
   53.60,  -66.63,   1.8,   0.0424,    0.452,    0.392
   53.70,  -66.48,   1.8,   0.0431,    0.455,     0.39
   53.80,  -66.33,   1.8,   0.0438,    0.458,    0.387
   53.90,  -66.19,   1.8,   0.0446,    0.462,    0.385
   54.00,  -66.04,   1.8,   0.0454,    0.465,    0.382
   54.10,  -65.90,   1.8,   0.0462,    0.468,     0.38
   54.20,  -65.75,   1.8,    0.047,     0.47,    0.378
   54.30,  -65.60,   1.8,   0.0478,    0.473,    0.376
   54.40,  -65.46,   1.8,   0.0486,    0.475,    0.374
   54.50,  -65.31,   1.8,   0.0495,    0.478,    0.373
   54.60,  -65.17,   1.8,   0.0503,     0.48,    0.371
   54.70,  -65.02,   1.8,   0.0512,    0.482,    0.369
   54.80,  -64.88,   1.8,   0.0521,    0.484,    0.368
   54.90,  -64.73,   1.8,    0.053,    0.486,    0.367
   55.00,  -64.59,   1.8,   0.0539,    0.488,    0.365
   55.10,  -64.44,   1.8,   0.0548,     0.49,    0.364
   55.20,  -64.30,   1.8,   0.0557,    0.491,    0.363
   55.30,  -64.15,   1.8,   0.0566,    0.493,    0.362
   55.40,  -64.01,   1.8,   0.0576,    0.494,    0.361
   55.50,  -63.87,   1.8,   0.0586,    0.495,    0.361
   55.60,  -63.72,   1.8,   0.0595,    0.496,     0.36
   55.70,  -63.58,   1.8,   0.0605,    0.497,    0.359
   55.80,  -63.44,   1.8,   0.0615,    0.498,    0.359
   55.90,  -63.30,   1.8,   0.0625,    0.499,    0.358
   56.00,  -63.16,   1.8,   0.0636,    0.499,    0.358
   56.10,  -63.02,   1.8,   0.0646,      0.5,    0.358
   56.20,  -62.88,   1.8,   0.0656,      0.5,    0.357
   56.30,  -62.74,   1.8,   0.0667,    0.501,    0.357
   56.40,  -62.60,   1.8,   0.0678,    0.501,    0.357
   56.50,  -62.46,   1.8,   0.0689,    0.501,    0.357
   56.60,  -62.32,   1.8,     0.07,    0.501,    0.357
   56.70,  -62.18,   1.8,   0.0711,    0.501,    0.357
   56.80,  -62.04,   1.8,   0.0722,    0.501,    0.357
   56.90,  -61.90,   1.8,   0.0733,    0.501,    0.357
   57.00,  -61.76,   1.8,   0.0745,    0.501,    0.358
   57.10,  -61.63,   1.8,   0.0756,      0.5,    0.358
   57.20,  -61.49,   1.8,   0.0768,      0.5,    0.358
   57.30,  -61.35,   1.8,    0.078,    0.499,    0.359
   57.40,  -61.21,   1.8,   0.0793,    0.499,    0.359
   57.50,  -61.07,   1.8,   0.0805,    0.498,     0.36
   57.60,  -60.93,   1.8,   0.0817,    0.497,     0.36
   57.70,  -60.79,   1.8,    0.083,    0.496,    0.361
   57.80,  -60.65,   1.8,   0.0843,    0.495,    0.361
   57.90,  -60.50,   1.8,   0.0856,    0.494,    0.362
   58.00,  -60.36,   1.8,    0.087,    0.493,    0.363
   58.10,  -60.22,   1.8,   0.0883,    0.492,    0.364
   58.20,  -60.07,   1.8,   0.0897,    0.491,    0.365
   58.30,  -59.93,   1.8,   0.0911,    0.489,    0.365
   58.40,  -59.78,   1.8,   0.0926,    0.488,    0.366
   58.50,  -59.63,   1.8,   0.0941,    0.486,    0.367
   58.60,  -59.47,   1.8,   0.0956,    0.485,    0.368
   58.70,  -59.32,   1.8,   0.0972,    0.483,    0.369
   58.80,  -59.16,   1.8,   0.0988,    0.481,    0.371
   58.90,  -59.00,   1.8,      0.1,    0.479,    0.372
   59.00,  -58.83,   1.8,    0.102,    0.478,    0.373
   59.10,  -58.66,   1.8,    0.104,    0.476,    0.374
   59.20,  -58.48,   1.8,    0.106,    0.473,    0.375
   59.30,  -58.30,   1.8,    0.108,    0.471,    0.377
   59.40,  -58.11,   1.8,     0.11,    0.469,    0.378
   59.50,  -57.91,   1.8,    0.112,    0.467,     0.38
   59.60,  -57.69,   1.8,    0.114,    0.464,    0.381
   59.70,  -57.47,   1.8,    0.117,    0.461,    0.383
   59.80,  -57.23,   1.8,    0.119,    0.459,    0.384
   59.90,  -56.97,   1.8,    0.122,    0.456,    0.386
   60.00,  -56.68,   1.8,    0.125,    0.453,    0.388
   60.10,  -56.37,   1.8,    0.128,     0.45,     0.39
   60.20,  -56.02,   1.8,    0.132,    0.446,    0.392
   60.30,  -55.62,   1.8,    0.136,    0.443,    0.394
   60.40,  -55.15,   1.8,    0.141,    0.439,    0.396
   60.50,  -54.61,   1.8,    0.146,    0.435,    0.398
   60.60,  -53.95,   1.8,    0.153,     0.43,    0.401
   60.70,  -53.12,   1.8,    0.161,    0.425,    0.404
   60.80,  -52.06,   1.8,    0.171,     0.42,    0.407
   60.90,  -50.63,   1.8,    0.184,    0.413,    0.411
   61.00,  -48.60,   1.8,    0.201,    0.406,    0.415
   61.10,  -45.48,   1.8,    0.226,    0.396,    0.421
   61.20,  -40.20,   1.8,    0.265,    0.383,    0.428
   61.30,  -29.90,   1.8,    0.329,    0.364,    0.438
   61.35,  -22.58,   1.8,    0.393,    0.348,    0.447
   61.38,  -18.30,   1.8,    0.434,    0.338,    0.453
   61.40,  -12.85,   1.8,     0.48,    0.327,    0.459
   61.43,   -6.19,   1.8,    0.532,    0.316,    0.467
   61.44,   -2.93,   1.8,     0.56,    0.311,    0.471
   61.45,    0.59,   1.8,     0.59,    0.305,    0.476
   61.46,    4.29,   1.8,     0.62,      0.3,    0.481
   61.48,    8.11,   1.8,     0.65,    0.294,    0.486
   61.49,   11.93,   1.8,    0.681,    0.289,    0.492
   61.50,   15.66,   1.8,    0.711,    0.284,    0.498
   61.51,   19.18,   1.8,     0.74,    0.278,    0.504
   61.53,   22.39,   1.8,    0.767,    0.273,    0.511
   61.54,   25.22,   1.8,    0.793,    0.268,    0.517
   61.56,   30.44,   1.8,    0.841,    0.258,    0.531
   61.59,   33.09,   1.8,     0.88,    0.249,    0.545
   61.61,   33.91,   1.8,     0.91,    0.239,    0.559
   61.64,   33.63,   1.8,    0.933,    0.231,    0.573
   61.66,   32.71,   1.8,     0.95,    0.222,    0.586
   61.69,   31.43,   1.8,    0.962,    0.214,    0.599
   61.71,   29.92,   1.8,    0.971,    0.206,    0.611
   61.74,   28.25,   1.8,    0.977,    0.198,    0.623
   61.76,   26.47,   1.8,    0.982,    0.191,    0.633
   61.79,   24.60,   1.8,    0.985,    0.184,    0.644
   61.81,   22.66,   1.8,    0.988,    0.177,    0.653
   61.84,   20.68,   1.8,    0.989,    0.171,    0.662
   61.86,   18.67,   1.8,    0.991,    0.164,    0.671
   61.89,   16.63,   1.8,    0.991,    0.158,    0.679
   61.91,   14.58,   1.8,    0.991,    0.152,    0.686
   61.94,   12.54,   1.8,    0.991,    0.147,    0.693
   61.96,   10.49,   1.8,    0.991,    0.141,    0.699
   61.99,    8.46,   1.8,    0.991,    0.136,    0.706
   62.01,    6.44,   1.8,     0.99,    0.131,    0.711
   62.04,    4.44,   1.8,    0.989,    0.127,    0.717
   62.06,    2.47,   1.8,    0.988,    0.122,    0.721
   62.09,    0.51,   1.8,    0.986,    0.118,    0.726
   62.11,   -1.41,   1.8,    0.985,    0.114,     0.73
   62.14,   -3.31,   1.8,    0.983,     0.11,    0.734
   62.16,   -5.19,   1.8,     0.98,    0.106,    0.738
   62.19,   -7.03,   1.8,    0.978,    0.102,    0.741
   62.21,   -8.85,   1.8,    0.975,   0.0986,    0.744
   62.24,  -10.64,   1.8,    0.972,   0.0954,    0.747
   62.26,  -12.40,   1.8,    0.968,   0.0923,    0.749
   62.29,  -14.13,   1.8,    0.964,   0.0893,    0.751
   62.31,  -15.84,   1.8,    0.959,   0.0865,    0.753
   62.34,  -17.52,   1.8,    0.954,   0.0839,    0.755
   62.36,  -19.17,   1.8,    0.948,   0.0815,    0.757
   62.39,  -20.81,   1.8,    0.942,   0.0792,    0.758
   62.41,  -22.42,   1.8,    0.935,   0.0771,    0.759
   62.44,  -24.01,   1.8,    0.927,   0.0752,     0.76
   62.49,  -28.58,   1.8,     0.91,   0.0716,    0.762
   62.54,  -31.85,   1.8,    0.886,   0.0689,    0.762
   62.59,  -35.06,   1.8,    0.858,   0.0669,    0.762
   62.64,  -38.33,   1.8,    0.824,   0.0655,    0.761
   62.69,  -41.70,   1.8,    0.783,   0.0647,     0.76
   62.74,  -45.23,   1.8,    0.735,   0.0646,    0.758
   62.79,  -48.96,   1.8,    0.679,   0.0652,    0.755
   62.84,  -52.87,   1.8,    0.613,   0.0664,    0.752
   62.89,  -56.88,   1.8,    0.537,   0.0683,    0.748
   62.94,  -60.76,   1.8,    0.452,   0.0711,    0.743
   62.99,  -64.18,   1.8,    0.362,   0.0746,    0.738
   63.09,  -70.64,   1.8,    0.202,   0.0833,    0.727
   63.19,  -71.33,   1.8,    0.082,   0.0957,    0.714
   63.29,  -71.38,   1.8,   0.0415,    0.108,    0.701
   63.39,  -71.35,   1.8,   0.0294,    0.121,    0.689
   63.49,  -71.30,   1.8,   0.0259,    0.133,    0.677
   63.59,  -71.25,   1.8,    0.025,    0.145,    0.665
   63.69,  -71.19,   1.8,   0.0248,    0.156,    0.654
   63.79,  -71.13,   1.8,   0.0249,    0.168,    0.643
   63.89,  -71.07,   1.8,    0.025,    0.179,    0.632
   63.99,  -71.00,   1.8,   0.0252,     0.19,    0.621
   64.09,  -70.93,   1.8,   0.0254,    0.201,    0.611
   64.19,  -70.86,   1.8,   0.0256,    0.211,    0.601
   64.29,  -70.79,   1.8,   0.0259,    0.221,    0.592
   64.39,  -70.71,   1.8,   0.0261,    0.231,    0.582
   64.49,  -70.63,   1.8,   0.0264,    0.241,    0.573
   64.59,  -70.73,   0.0,   0.0266,    0.251,    0.564
   64.69,  -70.75,   0.0,   0.0265,     0.26,    0.556
   64.79,  -70.74,   0.0,   0.0264,    0.269,    0.547
   64.89,  -70.71,   0.0,   0.0264,    0.278,    0.539
   64.99,  -70.66,   0.0,   0.0264,    0.287,    0.531
   65.09,  -70.60,   0.0,   0.0266,    0.296,    0.523
   65.19,  -70.54,   0.0,   0.0267,    0.304,    0.516
   65.29,  -70.47,   0.0,   0.0269,    0.313,    0.509
   65.39,  -70.39,   0.0,   0.0272,    0.321,    0.501
   65.49,  -70.32,   0.0,   0.0274,    0.329,    0.495
   65.59,  -70.24,   0.0,   0.0277,    0.337,    0.488
   65.69,  -70.15,   0.0,   0.0279,    0.344,    0.481
   65.79,  -70.07,   0.0,   0.0282,    0.352,    0.475
   65.89,  -69.98,   0.0,   0.0285,    0.359,    0.469
   65.99,  -69.89,   0.0,   0.0288,    0.366,    0.463
   66.09,  -69.80,   0.0,   0.0291,    0.373,    0.458
   66.19,  -69.70,   0.0,   0.0295,    0.379,    0.452
   66.29,  -69.61,   0.0,   0.0298,    0.386,    0.447
   66.39,  -69.51,   0.0,   0.0302,    0.392,    0.441
   66.49,  -69.41,   0.0,   0.0305,    0.398,    0.436
   66.59,  -69.31,   0.0,   0.0309,    0.404,    0.432
   66.69,  -69.20,   0.0,   0.0313,     0.41,    0.427
   66.79,  -69.10,   0.0,   0.0317,    0.416,    0.422
   66.89,  -69.00,   0.0,   0.0321,    0.421,    0.418
   66.99,  -68.89,   0.0,   0.0325,    0.427,    0.414
   67.09,  -68.78,   0.0,   0.0329,    0.432,     0.41
   67.19,  -68.67,   0.0,   0.0333,    0.437,    0.406
   67.29,  -68.57,   0.0,   0.0338,    0.442,    0.402
   67.39,  -68.46,   0.0,   0.0342,    0.447,    0.398
   67.49,  -68.34,   0.0,   0.0347,    0.451,    0.395
   67.59,  -68.23,   0.0,   0.0351,    0.456,    0.392
   67.69,  -68.12,   0.0,   0.0356,     0.46,    0.388
   67.79,  -68.01,   0.0,   0.0361,    0.464,    0.385
   67.89,  -67.89,   0.0,   0.0366,    0.468,    0.382
   67.99,  -67.78,   0.0,   0.0371,    0.472,    0.379
   68.09,  -67.67,   0.0,   0.0376,    0.476,    0.377
   68.19,  -67.55,   0.0,   0.0381,     0.48,    0.374
   68.29,  -67.44,   0.0,   0.0387,    0.483,    0.371
   68.39,  -67.32,   0.0,   0.0392,    0.487,    0.369
   68.49,  -67.21,   0.0,   0.0397,     0.49,    0.367
   68.59,  -67.09,   0.0,   0.0403,    0.493,    0.364
   68.69,  -66.98,   0.0,   0.0408,    0.496,    0.362
   68.79,  -66.86,   0.0,   0.0414,    0.499,     0.36
   68.89,  -66.75,   0.0,    0.042,    0.502,    0.358
   68.99,  -66.64,   0.0,   0.0426,    0.504,    0.357
   69.09,  -66.52,   0.0,   0.0431,    0.507,    0.355
   69.19,  -66.41,   0.0,   0.0437,    0.509,    0.353
   69.29,  -66.29,   0.0,   0.0443,    0.512,    0.352
   69.39,  -66.18,   0.0,   0.0449,    0.514,     0.35
   69.49,  -66.07,   0.0,   0.0456,    0.516,    0.349
   69.59,  -65.96,   0.0,   0.0462,    0.518,    0.348
   69.69,  -65.84,   0.0,   0.0468,     0.52,    0.347
   69.79,  -65.73,   0.0,   0.0474,    0.522,    0.345
   69.89,  -65.62,   0.0,    0.048,    0.524,    0.344
   69.99,  -65.51,   0.0,   0.0487,    0.525,    0.343
   70.09,  -65.40,   0.0,   0.0493,    0.527,    0.342
   70.19,  -65.29,   0.0,     0.05,    0.528,    0.342
   70.29,  -65.18,   0.0,   0.0506,     0.53,    0.341
   70.39,  -65.08,   0.0,   0.0513,    0.531,     0.34
   70.49,  -64.97,   0.0,   0.0519,    0.532,    0.339
   70.59,  -64.86,   0.0,   0.0526,    0.533,    0.339
   70.69,  -64.76,   0.0,   0.0532,    0.534,    0.338
   70.79,  -64.65,   0.0,   0.0539,    0.535,    0.338
   70.89,  -64.55,   0.0,   0.0546,    0.536,    0.337
   70.99,  -64.44,   0.0,   0.0552,    0.537,    0.337
   71.09,  -64.34,   0.0,   0.0559,    0.538,    0.337
   71.19,  -64.24,   0.0,   0.0566,    0.538,    0.337
   71.29,  -64.14,   0.0,   0.0573,    0.539,    0.336
   71.39,  -64.04,   0.0,    0.058,    0.539,    0.336
   71.49,  -63.94,   0.0,   0.0586,     0.54,    0.336
   71.59,  -63.84,   0.0,   0.0593,     0.54,    0.336
   71.69,  -63.74,   0.0,     0.06,     0.54,    0.336
   71.79,  -63.65,   0.0,   0.0607,     0.54,    0.336
   71.89,  -63.55,   0.0,   0.0614,    0.541,    0.336
   71.99,  -63.46,   0.0,    0.062,    0.541,    0.336
   72.09,  -63.36,   0.0,   0.0627,    0.541,    0.336
   72.19,  -63.27,   0.0,   0.0634,    0.541,    0.337
   72.29,  -63.18,   0.0,   0.0641,     0.54,    0.337
   72.39,  -63.09,   0.0,   0.0648,     0.54,    0.337
   72.49,  -63.00,   0.0,   0.0655,     0.54,    0.337
   72.59,  -62.91,   0.0,   0.0661,     0.54,    0.338
   72.69,  -62.83,   0.0,   0.0668,     0.54,    0.338
   72.79,  -62.74,   0.0,   0.0675,    0.539,    0.338
   72.89,  -62.66,   0.0,   0.0681,    0.539,    0.339
   72.99,  -62.58,   0.0,   0.0688,    0.538,    0.339
   73.09,  -62.49,   0.0,   0.0695,    0.538,     0.34
   73.19,  -62.41,   0.0,   0.0701,    0.537,     0.34
   73.29,  -62.34,   0.0,   0.0708,    0.537,    0.341
   73.39,  -62.26,   0.0,   0.0714,    0.536,    0.341
   73.49,  -62.19,   0.0,   0.0721,    0.535,    0.342
   73.59,  -62.11,   0.0,   0.0727,    0.534,    0.342
   73.69,  -62.04,   0.0,   0.0733,    0.534,    0.343
   73.79,  -61.97,   0.0,   0.0739,    0.533,    0.343
   73.89,  -61.90,   0.0,   0.0745,    0.532,    0.344
   73.99,  -61.84,   0.0,   0.0751,    0.531,    0.345
   74.09,  -61.77,   0.0,   0.0757,     0.53,    0.345
   74.19,  -61.71,   0.0,   0.0762,    0.529,    0.346
   74.29,  -61.65,   0.0,   0.0768,    0.528,    0.347
   74.39,  -61.59,   0.0,   0.0773,    0.528,    0.347
   74.49,  -61.54,   0.0,   0.0778,    0.527,    0.348
   74.59,  -61.49,   0.0,   0.0783,    0.526,    0.349
   74.69,  -61.44,   0.0,   0.0788,    0.524,    0.349
   74.79,  -61.39,   0.0,   0.0793,    0.523,     0.35
   74.89,  -61.35,   0.0,   0.0797,    0.522,    0.351
   74.99,  -61.31,   0.0,   0.0802,    0.521,    0.351
   75.09,  -61.27,   0.0,   0.0806,     0.52,    0.352
   75.19,  -61.23,   0.0,   0.0809,    0.519,    0.353
   75.29,  -61.20,   0.0,   0.0813,    0.518,    0.353
   75.39,  -61.18,   0.0,   0.0816,    0.517,    0.354
   75.49,  -61.15,   0.0,   0.0819,    0.516,    0.355
   75.59,  -61.13,   0.0,   0.0821,    0.515,    0.355
   75.69,  -61.12,   0.0,   0.0823,    0.514,    0.356
   75.79,  -61.10,   0.0,   0.0825,    0.513,    0.357
   75.89,  -61.10,   0.0,   0.0827,    0.512,    0.357
   75.99,  -61.09,   0.0,   0.0828,    0.511,    0.358
   76.09,  -61.09,   0.0,   0.0829,     0.51,    0.359
   76.19,  -61.10,   0.0,   0.0829,    0.509,    0.359
   76.29,  -61.11,   0.0,   0.0829,    0.508,     0.36
   76.39,  -61.12,   0.0,   0.0829,    0.507,     0.36
   76.49,  -61.14,   0.0,   0.0828,    0.506,    0.361
   76.59,  -61.16,   0.0,   0.0827,    0.505,    0.361
   76.69,  -61.19,   0.0,   0.0825,    0.504,    0.362
   76.79,  -61.22,   0.0,   0.0823,    0.503,    0.362
   76.89,  -61.26,   0.0,    0.082,    0.502,    0.363
   76.99,  -61.30,   0.0,   0.0817,    0.502,    0.363
   77.09,  -61.35,   0.0,   0.0814,    0.501,    0.363
   77.19,  -61.40,   0.0,    0.081,      0.5,    0.364
   77.29,  -61.45,   0.0,   0.0806,      0.5,    0.364
   77.39,  -61.51,   0.0,   0.0802,    0.499,    0.364
   77.49,  -61.57,   0.0,   0.0797,    0.499,    0.364
   77.59,  -61.63,   0.0,   0.0792,    0.498,    0.365
   77.69,  -61.70,   0.0,   0.0787,    0.498,    0.365
   77.79,  -61.77,   0.0,   0.0781,    0.497,    0.365
   77.89,  -61.84,   0.0,   0.0776,    0.497,    0.365
   77.99,  -61.91,   0.0,    0.077,    0.497,    0.365
   78.09,  -61.98,   0.0,   0.0763,    0.497,    0.365
   78.19,  -62.06,   0.0,   0.0757,    0.496,    0.365
   78.29,  -62.13,   0.0,   0.0751,    0.496,    0.365
   78.39,  -62.21,   0.0,   0.0745,    0.496,    0.365
   78.49,  -62.28,   0.0,   0.0738,    0.496,    0.365
   78.59,  -62.36,   0.0,   0.0732,    0.496,    0.365
   78.69,  -62.43,   0.0,   0.0726,    0.496,    0.365
   78.79,  -62.51,   0.0,   0.0719,    0.497,    0.364
   78.89,  -62.58,   0.0,   0.0713,    0.497,    0.364
   78.99,  -62.65,   0.0,   0.0707,    0.497,    0.364
   79.09,  -62.72,   0.0,   0.0702,    0.497,    0.364
   79.19,  -62.78,   0.0,   0.0696,    0.498,    0.363
   79.29,  -62.85,   0.0,   0.0691,    0.498,    0.363
   79.39,  -62.91,   0.0,   0.0685,    0.498,    0.363
   79.49,  -62.97,   0.0,    0.068,    0.499,    0.362
   79.59,  -63.02,   0.0,   0.0676,    0.499,    0.362
   79.69,  -63.07,   0.0,   0.0671,      0.5,    0.362
   79.79,  -63.12,   0.0,   0.0667,      0.5,    0.361
   79.89,  -63.17,   0.0,   0.0663,    0.501,    0.361
   79.99,  -63.21,   0.0,   0.0659,    0.501,     0.36
   80.09,  -63.25,   0.0,   0.0655,    0.502,     0.36
   80.19,  -63.29,   0.0,   0.0652,    0.502,     0.36
   80.29,  -63.32,   0.0,   0.0649,    0.503,    0.359
   80.39,  -63.36,   0.0,   0.0646,    0.504,    0.359
   80.49,  -63.38,   0.0,   0.0644,    0.504,    0.358
   80.59,  -63.41,   0.0,   0.0641,    0.505,    0.358
   80.69,  -63.43,   0.0,   0.0639,    0.505,    0.357
   80.79,  -63.45,   0.0,   0.0638,    0.506,    0.357
   80.89,  -63.47,   0.0,   0.0636,    0.507,    0.357
   80.99,  -63.48,   0.0,   0.0635,    0.507,    0.356
   81.09,  -63.49,   0.0,   0.0633,    0.508,    0.356
   81.19,  -63.50,   0.0,   0.0632,    0.509,    0.355
   81.29,  -63.51,   0.0,   0.0631,    0.509,    0.355
   81.39,  -63.51,   0.0,   0.0631,     0.51,    0.355
   81.49,  -63.51,   0.0,    0.063,     0.51,    0.354
   81.59,  -63.51,   0.0,    0.063,    0.511,    0.354
   81.69,  -63.51,   0.0,    0.063,    0.512,    0.353
   81.79,  -63.50,   0.0,    0.063,    0.512,    0.353
   81.89,  -63.50,   0.0,    0.063,    0.513,    0.353
   81.99,  -63.49,   0.0,   0.0631,    0.513,    0.352
   82.09,  -63.48,   0.0,   0.0631,    0.514,    0.352
   82.19,  -63.47,   0.0,   0.0632,    0.514,    0.352
   82.29,  -63.46,   0.0,   0.0632,    0.515,    0.351
   82.39,  -63.44,   0.0,   0.0633,    0.515,    0.351
   82.49,  -63.43,   0.0,   0.0634,    0.516,    0.351
   82.59,  -63.41,   0.0,   0.0635,    0.516,    0.351
   82.69,  -63.39,   0.0,   0.0636,    0.517,     0.35
   82.79,  -63.37,   0.0,   0.0638,    0.517,     0.35
   82.89,  -63.35,   0.0,   0.0639,    0.517,     0.35
   82.99,  -63.33,   0.0,    0.064,    0.518,     0.35
   83.09,  -63.31,   0.0,   0.0642,    0.518,     0.35
   83.19,  -63.29,   0.0,   0.0643,    0.518,     0.35
   83.29,  -63.26,   0.0,   0.0645,    0.519,    0.349
   83.39,  -63.24,   0.0,   0.0647,    0.519,    0.349
   83.49,  -63.22,   0.0,   0.0648,    0.519,    0.349
   83.59,  -63.19,   0.0,    0.065,    0.519,    0.349
   83.69,  -63.17,   0.0,   0.0652,     0.52,    0.349
   83.79,  -63.14,   0.0,   0.0654,     0.52,    0.349
   83.89,  -63.12,   0.0,   0.0656,     0.52,    0.349
   83.99,  -63.09,   0.0,   0.0657,     0.52,    0.349
   84.09,  -63.06,   0.0,   0.0659,     0.52,    0.349
   84.19,  -63.04,   0.0,   0.0661,     0.52,    0.349
   84.29,  -63.01,   0.0,   0.0663,    0.521,    0.349
   84.39,  -62.98,   0.0,   0.0665,    0.521,    0.349
   84.49,  -62.96,   0.0,   0.0667,    0.521,    0.349
   84.59,  -62.93,   0.0,   0.0669,    0.521,    0.349
   84.69,  -62.91,   0.0,   0.0671,    0.521,    0.349
   84.79,  -62.88,   0.0,   0.0673,    0.521,    0.349
   84.89,  -62.86,   0.0,   0.0675,    0.521,    0.349
   84.99,  -62.83,   0.0,   0.0677,    0.521,    0.349
   85.09,  -62.81,   0.0,   0.0679,    0.521,    0.349
   85.19,  -62.78,   0.0,   0.0681,    0.521,    0.349
   85.29,  -62.76,   0.0,   0.0683,    0.521,    0.349
   85.39,  -62.73,   0.0,   0.0685,    0.521,    0.349
   85.49,  -62.71,   0.0,   0.0687,     0.52,    0.349
   85.59,  -62.69,   0.0,   0.0689,     0.52,    0.349
   85.69,  -62.67,   0.0,   0.0691,     0.52,     0.35
   85.79,  -62.65,   0.0,   0.0692,     0.52,     0.35
   85.89,  -62.62,   0.0,   0.0694,     0.52,     0.35
   85.99,  -62.60,   0.0,   0.0696,     0.52,     0.35
   86.09,  -62.59,   0.0,   0.0697,     0.52,     0.35
   86.19,  -62.57,   0.0,   0.0699,    0.519,     0.35
   86.29,  -62.55,   0.0,   0.0701,    0.519,     0.35
   86.39,  -62.53,   0.0,   0.0702,    0.519,    0.351
   86.49,  -62.52,   0.0,   0.0704,    0.519,    0.351
   86.59,  -62.50,   0.0,   0.0705,    0.519,    0.351
   86.69,  -62.49,   0.0,   0.0706,    0.518,    0.351
   86.79,  -62.47,   0.0,   0.0707,    0.518,    0.351
   86.89,  -62.46,   0.0,   0.0709,    0.518,    0.351
   86.99,  -62.45,   0.0,    0.071,    0.518,    0.351
   87.09,  -62.44,   0.0,   0.0711,    0.518,    0.352
   87.19,  -62.43,   0.0,   0.0712,    0.517,    0.352
   87.29,  -62.42,   0.0,   0.0713,    0.517,    0.352
   87.39,  -62.41,   0.0,   0.0713,    0.517,    0.352
   87.49,  -62.40,   0.0,   0.0714,    0.517,    0.352
   87.59,  -62.40,   0.0,   0.0715,    0.516,    0.352
   87.69,  -62.39,   0.0,   0.0715,    0.516,    0.353
   87.79,  -62.39,   0.0,   0.0716,    0.516,    0.353
   87.89,  -62.38,   0.0,   0.0716,    0.516,    0.353
   87.99,  -62.38,   0.0,   0.0717,    0.515,    0.353
   88.09,  -62.38,   0.0,   0.0717,    0.515,    0.353
   88.19,  -62.38,   0.0,   0.0717,    0.515,    0.353
   88.29,  -62.38,   0.0,   0.0717,    0.515,    0.354
   88.39,  -62.38,   0.0,   0.0717,    0.515,    0.354
   88.49,  -62.38,   0.0,   0.0717,    0.514,    0.354
   88.59,  -62.39,   0.0,   0.0717,    0.514,    0.354
   88.69,  -62.39,   0.0,   0.0717,    0.514,    0.354
   88.79,  -62.40,   0.0,   0.0717,    0.514,    0.354
   88.89,  -62.40,   0.0,   0.0716,    0.513,    0.354
   88.99,  -62.41,   0.0,   0.0716,    0.513,    0.354
   89.09,  -62.41,   0.0,   0.0716,    0.513,    0.355
   89.19,  -62.42,   0.0,   0.0715,    0.513,    0.355
   89.29,  -62.43,   0.0,   0.0715,    0.513,    0.355
   89.39,  -62.44,   0.0,   0.0714,    0.513,    0.355
   89.49,  -62.45,   0.0,   0.0713,    0.512,    0.355
   89.59,  -62.46,   0.0,   0.0713,    0.512,    0.355
   89.69,  -62.47,   0.0,   0.0712,    0.512,    0.355
   89.79,  -62.48,   0.0,   0.0711,    0.512,    0.355
   89.89,  -62.49,   0.0,    0.071,    0.512,    0.355
