#time (msec), membrane voltage (mV), stimulus level (nA), m, h, n
    0.10,  -63.20,   0.0,   0.0649,    0.519,    0.349
    0.20,  -63.18,   0.0,   0.0651,    0.519,    0.349
    0.30,  -63.15,   0.0,   0.0653,     0.52,    0.349
    0.40,  -63.13,   0.0,   0.0655,     0.52,    0.349
    0.50,  -63.10,   0.0,   0.0656,     0.52,    0.349
    0.60,  -63.08,   0.0,   0.0658,     0.52,    0.349
    0.70,  -63.05,   0.0,    0.066,     0.52,    0.349
    0.80,  -63.03,   0.0,   0.0662,     0.52,    0.349
    0.90,  -63.00,   0.0,   0.0664,     0.52,    0.349
    1.00,  -62.97,   0.0,   0.0666,    0.521,    0.349
    1.10,  -62.95,   0.0,   0.0668,    0.521,    0.349
    1.20,  -62.92,   0.0,    0.067,    0.521,    0.349
    1.30,  -62.90,   0.0,   0.0672,    0.521,    0.349
    1.40,  -62.87,   0.0,   0.0674,    0.521,    0.349
    1.50,  -62.85,   0.0,   0.0676,    0.521,    0.349
    1.60,  -62.82,   0.0,   0.0678,    0.521,    0.349
    1.70,  -62.80,   0.0,    0.068,    0.521,    0.349
    1.80,  -62.77,   0.0,   0.0682,    0.521,    0.349
    1.90,  -62.75,   0.0,   0.0684,    0.521,    0.349
    2.00,  -62.73,   0.0,   0.0686,     0.52,    0.349
    2.10,  -62.70,   0.0,   0.0688,     0.52,    0.349
    2.20,  -62.68,   0.0,    0.069,     0.52,    0.349
    2.30,  -62.66,   0.0,   0.0691,     0.52,     0.35
    2.40,  -62.64,   0.0,   0.0693,     0.52,     0.35
    2.50,  -62.62,   0.0,   0.0695,     0.52,     0.35
    2.60,  -62.60,   0.0,   0.0696,     0.52,     0.35
    2.70,  -62.58,   0.0,   0.0698,    0.519,     0.35
    2.80,  -62.56,   0.0,     0.07,    0.519,     0.35
    2.90,  -62.54,   0.0,   0.0701,    0.519,     0.35
    3.00,  -62.53,   0.0,   0.0703,    0.519,    0.351
    3.10,  -62.51,   0.0,   0.0704,    0.519,    0.351
    3.20,  -62.50,   0.0,   0.0705,    0.519,    0.351
    3.30,  -62.48,   0.0,   0.0707,    0.518,    0.351
    3.40,  -62.47,   0.0,   0.0708,    0.518,    0.351
    3.50,  -62.46,   0.0,   0.0709,    0.518,    0.351
    3.60,  -62.45,   0.0,    0.071,    0.518,    0.352
    3.70,  -62.44,   0.0,   0.0711,    0.517,    0.352
    3.80,  -62.43,   0.0,   0.0712,    0.517,    0.352
    3.90,  -62.42,   0.0,   0.0713,    0.517,    0.352
    4.00,  -62.41,   0.0,   0.0713,    0.517,    0.352
    4.10,  -62.40,   0.0,   0.0714,    0.516,    0.352
    4.20,  -62.40,   0.0,   0.0715,    0.516,    0.353
    4.30,  -62.39,   0.0,   0.0715,    0.516,    0.353
    4.40,  -62.39,   0.0,   0.0716,    0.516,    0.353
    4.50,  -62.39,   0.0,   0.0716,    0.516,    0.353
    4.60,  -62.38,   0.0,   0.0717,    0.515,    0.353
    4.70,  -62.38,   0.0,   0.0717,    0.515,    0.353
    4.80,  -62.38,   0.0,   0.0717,    0.515,    0.353
    4.90,  -62.38,   0.0,   0.0717,    0.515,    0.354
    5.00,  -62.38,   0.0,   0.0717,    0.514,    0.354
    5.10,  -62.39,   0.0,   0.0717,    0.514,    0.354
    5.20,  -62.39,   0.0,   0.0717,    0.514,    0.354
    5.30,  -62.39,   0.0,   0.0717,    0.514,    0.354
    5.40,  -62.40,   0.0,   0.0716,    0.514,    0.354
    5.50,  -62.41,   0.0,   0.0716,    0.513,    0.354
    5.60,  -62.41,   0.0,   0.0716,    0.513,    0.354
    5.70,  -62.42,   0.0,   0.0715,    0.513,    0.355
    5.80,  -62.43,   0.0,   0.0715,    0.513,    0.355
    5.90,  -62.44,   0.0,   0.0714,    0.513,    0.355
    6.00,  -62.44,   0.0,   0.0714,    0.513,    0.355
    6.10,  -62.45,   0.0,   0.0713,    0.512,    0.355
    6.20,  -62.46,   0.0,   0.0712,    0.512,    0.355
    6.30,  -62.47,   0.0,   0.0711,    0.512,    0.355
    6.40,  -62.49,   0.0,   0.0711,    0.512,    0.355
    6.50,  -62.50,   0.0,    0.071,    0.512,    0.355
    6.60,  -62.51,   0.0,   0.0709,    0.512,    0.355
    6.70,  -62.52,   0.0,   0.0708,    0.512,    0.355
    6.80,  -62.53,   0.0,   0.0707,    0.512,    0.355
    6.90,  -62.55,   0.0,   0.0706,    0.512,    0.355
    7.00,  -62.56,   0.0,   0.0705,    0.512,    0.355
    7.10,  -62.57,   0.0,   0.0704,    0.512,    0.355
    7.20,  -62.58,   0.0,   0.0703,    0.512,    0.355
    7.30,  -62.60,   0.0,   0.0702,    0.511,    0.355
    7.40,  -62.61,   0.0,   0.0701,    0.511,    0.355
    7.50,  -62.62,   0.0,     0.07,    0.511,    0.355
    7.60,  -62.64,   0.0,   0.0699,    0.511,    0.355
    7.70,  -62.65,   0.0,   0.0698,    0.511,    0.355
    7.80,  -62.66,   0.0,   0.0697,    0.511,    0.355
    7.90,  -62.68,   0.0,   0.0696,    0.511,    0.355
    8.00,  -62.69,   0.0,   0.0695,    0.512,    0.355
    8.10,  -62.70,   0.0,   0.0694,    0.512,    0.355
    8.20,  -62.71,   0.0,   0.0693,    0.512,    0.355
    8.30,  -62.72,   0.0,   0.0692,    0.512,    0.355
    8.40,  -62.73,   0.0,   0.0691,    0.512,    0.355
    8.50,  -62.75,   0.0,    0.069,    0.512,    0.355
    8.60,  -62.76,   0.0,   0.0689,    0.512,    0.355
    8.70,  -62.77,   0.0,   0.0688,    0.512,    0.355
    8.80,  -62.78,   0.0,   0.0687,    0.512,    0.355
    8.90,  -62.79,   0.0,   0.0686,    0.512,    0.355
    9.00,  -62.79,   0.0,   0.0686,    0.512,    0.355
    9.10,  -62.80,   0.0,   0.0685,    0.512,    0.354
    9.20,  -62.81,   0.0,   0.0684,    0.512,    0.354
    9.30,  -62.82,   0.0,   0.0683,    0.513,    0.354
    9.40,  -62.83,   0.0,   0.0683,    0.513,    0.354
    9.50,  -62.83,   0.0,   0.0682,    0.513,    0.354
    9.60,  -62.84,   0.0,   0.0682,    0.513,    0.354
    9.70,  -62.84,   0.0,   0.0681,    0.513,    0.354
    9.80,  -62.85,   0.0,   0.0681,    0.513,    0.354
    9.90,  -62.85,   0.0,    0.068,    0.513,    0.354
   10.00,  -62.86,   0.0,    0.068,    0.513,    0.354
   10.10,  -62.86,   0.0,   0.0679,    0.513,    0.354
   10.20,  -62.87,   0.0,   0.0679,    0.514,    0.354
   10.30,  -62.87,   0.0,   0.0679,    0.514,    0.354
   10.40,  -62.87,   0.0,   0.0679,    0.514,    0.353
   10.50,  -62.87,   0.0,   0.0678,    0.514,    0.353
   10.60,  -62.87,   0.0,   0.0678,    0.514,    0.353
   10.70,  -62.88,   0.0,   0.0678,    0.514,    0.353
   10.80,  -62.88,   0.0,   0.0678,    0.514,    0.353
   10.90,  -62.88,   0.0,   0.0678,    0.514,    0.353
   11.00,  -62.88,   0.0,   0.0678,    0.514,    0.353
   11.10,  -62.87,   0.0,   0.0678,    0.515,    0.353
   11.20,  -62.87,   0.0,   0.0678,    0.515,    0.353
   11.30,  -62.87,   0.0,   0.0678,    0.515,    0.353
   11.40,  -62.87,   0.0,   0.0678,    0.515,    0.353
   11.50,  -62.87,   0.0,   0.0678,    0.515,    0.353
   11.60,  -62.87,   0.0,   0.0678,    0.515,    0.353
   11.70,  -62.86,   0.0,   0.0678,    0.515,    0.353
   11.80,  -62.86,   0.0,   0.0679,    0.515,    0.353
   11.90,  -62.86,   0.0,   0.0679,    0.515,    0.353
   12.00,  -62.85,   0.0,   0.0679,    0.515,    0.352
   12.10,  -62.85,   0.0,   0.0679,    0.515,    0.352
   12.20,  -62.84,   0.0,    0.068,    0.516,    0.352
   12.30,  -62.84,   0.0,    0.068,    0.516,    0.352
   12.40,  -62.84,   0.0,    0.068,    0.516,    0.352
   12.50,  -62.83,   0.0,   0.0681,    0.516,    0.352
   12.60,  -62.83,   0.0,   0.0681,    0.516,    0.352
   12.70,  -62.82,   0.0,   0.0681,    0.516,    0.352
   12.80,  -62.82,   0.0,   0.0682,    0.516,    0.352
   12.90,  -62.81,   0.0,   0.0682,    0.516,    0.352
   13.00,  -62.81,   0.0,   0.0682,    0.516,    0.352
   13.10,  -62.80,   0.0,   0.0683,    0.516,    0.352
   13.20,  -62.79,   0.0,   0.0683,    0.516,    0.352
   13.30,  -62.79,   0.0,   0.0684,    0.516,    0.352
   13.40,  -62.78,   0.0,   0.0684,    0.516,    0.352
   13.50,  -62.78,   0.0,   0.0685,    0.516,    0.352
   13.60,  -62.77,   0.0,   0.0685,    0.516,    0.352
   13.70,  -62.77,   0.0,   0.0685,    0.516,    0.352
   13.80,  -62.76,   0.0,   0.0686,    0.516,    0.352
   13.90,  -62.76,   0.0,   0.0686,    0.516,    0.352
   14.00,  -62.75,   0.0,   0.0687,    0.516,    0.352
   14.10,  -62.14,   6.0,   0.0687,    0.516,    0.352
   14.20,  -61.56,   6.0,   0.0711,    0.516,    0.352
   14.30,  -60.99,   6.0,   0.0747,    0.515,    0.353
   14.40,  -60.41,   6.0,    0.079,    0.514,    0.354
   14.50,  -59.83,   6.0,   0.0837,    0.512,    0.355
   14.60,  -59.22,   6.0,   0.0889,     0.51,    0.356
   14.70,  -58.58,   6.0,   0.0945,    0.508,    0.358
   14.80,  -57.90,   6.0,    0.101,    0.505,    0.359
   14.90,  -57.15,   6.0,    0.108,    0.502,    0.362
   15.00,  -56.30,   6.0,    0.115,    0.498,    0.364
   15.10,  -55.33,   6.0,    0.124,    0.493,    0.367
   15.20,  -54.15,   6.0,    0.135,    0.488,     0.37
   15.30,  -52.68,   6.0,    0.148,    0.482,    0.374
   15.40,  -50.70,   6.0,    0.165,    0.474,    0.378
   15.50,  -47.86,   6.0,    0.188,    0.465,    0.384
   15.60,  -43.30,   6.0,    0.222,    0.452,    0.391
   15.70,  -34.83,   6.0,    0.277,    0.434,    0.401
   15.75,  -28.70,   6.0,    0.329,    0.418,    0.409
   15.77,  -25.00,   6.0,    0.364,    0.408,    0.414
   15.80,  -20.22,   6.0,    0.403,    0.397,    0.419
   15.82,  -14.16,   6.0,    0.448,    0.385,    0.426
   15.84,  -11.01,   6.0,    0.475,    0.379,     0.43
   15.85,   -7.49,   6.0,    0.503,    0.373,    0.434
   15.86,   -3.62,   6.0,    0.533,    0.366,    0.439
   15.87,    0.56,   6.0,    0.563,     0.36,    0.444
   15.89,    4.99,   6.0,    0.596,    0.353,    0.449
   15.90,    9.57,   6.0,    0.628,    0.347,    0.455
   15.91,   14.18,   6.0,    0.662,     0.34,    0.461
   15.92,   18.67,   6.0,    0.695,    0.334,    0.468
   15.94,   22.89,   6.0,    0.727,    0.328,    0.474
   15.95,   26.69,   6.0,    0.758,    0.322,    0.482
   15.96,   29.97,   6.0,    0.787,    0.316,    0.489
   15.99,   35.86,   6.0,    0.839,    0.304,    0.505
   16.01,   38.38,   6.0,    0.882,    0.293,    0.521
   16.04,   38.87,   6.0,    0.914,    0.282,    0.537
   16.06,   38.34,   6.0,    0.937,    0.271,    0.552
   16.09,   37.33,   6.0,    0.954,    0.261,    0.567
   16.11,   36.05,   6.0,    0.966,    0.252,    0.581
   16.14,   34.59,   6.0,    0.975,    0.242,    0.595
   16.16,   33.00,   6.0,    0.981,    0.233,    0.607
   16.19,   31.30,   6.0,    0.985,    0.225,    0.619
   16.21,   29.51,   6.0,    0.988,    0.216,    0.631
   16.24,   27.66,   6.0,     0.99,    0.208,    0.642
   16.26,   25.75,   6.0,    0.992,    0.201,    0.652
   16.29,   23.81,   6.0,    0.993,    0.193,    0.661
   16.31,   21.83,   6.0,    0.993,    0.186,     0.67
   16.34,   19.83,   6.0,    0.994,    0.179,    0.678
   16.36,   17.82,   6.0,    0.994,    0.173,    0.686
   16.39,   15.80,   6.0,    0.994,    0.166,    0.694
   16.41,   13.79,   6.0,    0.993,     0.16,    0.701
   16.44,   11.78,   6.0,    0.993,    0.154,    0.707
   16.46,    9.78,   6.0,    0.992,    0.149,    0.713
   16.49,    7.80,   6.0,    0.991,    0.143,    0.719
   16.51,    5.83,   6.0,     0.99,    0.138,    0.724
   16.54,    3.89,   6.0,    0.989,    0.133,    0.729
   16.56,    1.97,   6.0,    0.988,    0.128,    0.733
   16.59,    0.07,   6.0,    0.986,    0.124,    0.738
   16.61,   -1.81,   6.0,    0.984,    0.119,    0.742
   16.64,   -3.66,   6.0,    0.982,    0.115,    0.745
   16.66,   -5.48,   6.0,     0.98,    0.111,    0.748
   16.69,   -7.28,   6.0,    0.977,    0.107,    0.751
   16.71,   -9.05,   6.0,    0.974,    0.104,    0.754
   16.74,  -10.79,   6.0,    0.971,      0.1,    0.757
   16.76,  -12.51,   6.0,    0.967,    0.097,    0.759
   16.79,  -14.20,   6.0,    0.963,   0.0939,    0.761
   16.81,  -15.87,   6.0,    0.959,    0.091,    0.763
   16.84,  -17.52,   6.0,    0.953,   0.0882,    0.764
   16.86,  -19.14,   6.0,    0.948,   0.0856,    0.766
   16.89,  -20.75,   6.0,    0.941,   0.0832,    0.767
   16.91,  -22.33,   6.0,    0.934,    0.081,    0.768
   16.94,  -23.90,   6.0,    0.927,   0.0789,    0.769
   16.96,  -25.45,   6.0,    0.918,    0.077,     0.77
   17.01,  -29.95,   6.0,      0.9,   0.0736,    0.771
   17.06,  -33.15,   6.0,    0.874,    0.071,    0.771
   17.11,  -36.35,   6.0,    0.844,   0.0691,     0.77
   17.16,  -39.63,   6.0,    0.807,   0.0679,    0.769
   17.21,  -43.05,   6.0,    0.764,   0.0673,    0.767
   17.26,  -46.65,   6.0,    0.714,   0.0673,    0.764
   17.31,  -50.45,   6.0,    0.654,   0.0681,    0.761
   17.36,  -54.42,   6.0,    0.584,   0.0696,    0.758
   17.41,  -58.40,   6.0,    0.504,   0.0718,    0.753
   17.46,  -62.12,   6.0,    0.417,   0.0748,    0.748
   17.51,  -65.24,   6.0,    0.328,   0.0786,    0.743
   17.61,  -70.67,   6.0,    0.176,   0.0879,    0.731
   17.71,  -70.96,   6.0,   0.0735,      0.1,    0.718
   17.81,  -70.95,   6.0,   0.0403,    0.112,    0.706
   17.91,  -70.88,   6.0,   0.0302,    0.124,    0.693
   18.01,  -70.80,   6.0,   0.0272,    0.136,    0.681
   18.11,  -70.72,   6.0,   0.0265,    0.148,    0.669
   18.21,  -70.62,   6.0,   0.0265,    0.159,    0.658
   18.31,  -70.53,   6.0,   0.0267,     0.17,    0.647
   18.41,  -70.43,   6.0,   0.0269,    0.181,    0.636
   18.51,  -70.33,   6.0,   0.0273,    0.191,    0.626
   18.61,  -70.22,   6.0,   0.0276,    0.201,    0.616
   18.71,  -70.10,   6.0,    0.028,    0.211,    0.606
   18.81,  -69.99,   6.0,   0.0283,    0.221,    0.596
   18.91,  -69.87,   6.0,   0.0288,    0.231,    0.587
   19.01,  -69.74,   6.0,   0.0292,     0.24,    0.578
   19.11,  -69.61,   6.0,   0.0296,    0.249,     0.57
   19.21,  -69.47,   6.0,   0.0301,    0.258,    0.561
   19.31,  -69.34,   6.0,   0.0306,    0.266,    0.553
   19.41,  -69.19,   6.0,   0.0311,    0.274,    0.545
   19.51,  -69.04,   6.0,   0.0316,    0.283,    0.537
   19.61,  -68.89,   6.0,   0.0322,     0.29,     0.53
   19.71,  -68.74,   6.0,   0.0328,    0.298,    0.523
   19.81,  -68.58,   6.0,   0.0334,    0.305,    0.516
   19.91,  -68.42,   6.0,   0.0341,    0.312,    0.509
   20.01,  -68.25,   6.0,   0.0347,    0.319,    0.503
   20.11,  -68.08,   6.0,   0.0354,    0.326,    0.497
   20.21,  -67.91,   6.0,   0.0361,    0.333,    0.491
   20.31,  -67.73,   6.0,   0.0369,    0.339,    0.485
   20.41,  -67.55,   6.0,   0.0377,    0.345,    0.479
   20.51,  -67.37,   6.0,   0.0385,    0.351,    0.474
   20.61,  -67.18,   6.0,   0.0393,    0.357,    0.469
   20.71,  -67.00,   6.0,   0.0402,    0.362,    0.464
   20.81,  -66.81,   6.0,   0.0411,    0.367,    0.459
   20.91,  -66.61,   6.0,    0.042,    0.372,    0.455
   21.01,  -66.42,   6.0,    0.043,    0.377,     0.45
   21.11,  -66.22,   6.0,    0.044,    0.382,    0.446
   21.21,  -66.03,   6.0,    0.045,    0.386,    0.442
   21.31,  -65.83,   6.0,   0.0461,    0.391,    0.438
   21.41,  -65.63,   6.0,   0.0471,    0.395,    0.435
   21.51,  -65.43,   6.0,   0.0483,    0.399,    0.431
   21.61,  -65.22,   6.0,   0.0494,    0.402,    0.428
   21.71,  -65.02,   6.0,   0.0506,    0.406,    0.425
   21.81,  -64.81,   6.0,   0.0518,    0.409,    0.422
   21.91,  -64.61,   6.0,    0.053,    0.412,    0.419
   22.01,  -64.40,   6.0,   0.0543,    0.415,    0.417
   22.11,  -64.19,   6.0,   0.0556,    0.418,    0.414
   22.21,  -63.99,   6.0,    0.057,    0.421,    0.412
   22.31,  -63.78,   6.0,   0.0583,    0.423,     0.41
   22.41,  -63.57,   6.0,   0.0598,    0.426,    0.408
   22.51,  -63.36,   6.0,   0.0612,    0.428,    0.406
   22.61,  -63.15,   6.0,   0.0627,     0.43,    0.404
   22.71,  -62.94,   6.0,   0.0642,    0.431,    0.402
   22.81,  -62.73,   6.0,   0.0657,    0.433,    0.401
   22.91,  -62.51,   6.0,   0.0673,    0.435,      0.4
   23.01,  -62.30,   6.0,    0.069,    0.436,    0.398
   23.11,  -62.09,   6.0,   0.0706,    0.437,    0.397
   23.21,  -61.87,   6.0,   0.0723,    0.438,    0.396
   23.31,  -61.66,   6.0,   0.0741,    0.439,    0.396
   23.41,  -61.44,   6.0,   0.0759,     0.44,    0.395
   23.51,  -61.22,   6.0,   0.0777,     0.44,    0.394
   23.61,  -60.99,   6.0,   0.0796,    0.441,    0.394
   23.71,  -60.77,   6.0,   0.0816,    0.441,    0.393
   23.81,  -60.54,   6.0,   0.0836,    0.441,    0.393
   23.91,  -60.31,   6.0,   0.0857,    0.441,    0.393
   24.01,  -60.07,   6.0,   0.0879,    0.441,    0.393
   24.11,  -59.83,   6.0,   0.0901,     0.44,    0.393
   24.21,  -59.59,   6.0,   0.0924,     0.44,    0.393
   24.31,  -59.33,   6.0,   0.0949,    0.439,    0.393
   24.41,  -59.07,   6.0,   0.0974,    0.438,    0.394
   24.51,  -58.80,   6.0,      0.1,    0.437,    0.394
   24.61,  -58.52,   6.0,    0.103,    0.436,    0.395
   24.71,  -58.22,   6.0,    0.106,    0.434,    0.396
   24.81,  -57.91,   6.0,    0.109,    0.433,    0.397
   24.91,  -57.58,   6.0,    0.112,    0.431,    0.398
   25.01,  -57.23,   6.0,    0.116,    0.429,    0.399
   25.11,  -56.84,   6.0,     0.12,    0.427,      0.4
   25.21,  -56.42,   6.0,    0.124,    0.424,    0.401
   25.31,  -55.95,   6.0,    0.129,    0.422,    0.403
   25.41,  -55.42,   6.0,    0.135,    0.419,    0.405
   25.51,  -54.80,   6.0,    0.141,    0.415,    0.407
   25.61,  -54.07,   6.0,    0.149,    0.411,    0.409
   25.71,  -53.18,   6.0,    0.157,    0.407,    0.412
   25.81,  -52.07,   6.0,    0.168,    0.402,    0.414
   25.91,  -50.59,   6.0,    0.182,    0.396,    0.418
   26.01,  -48.52,   6.0,      0.2,    0.389,    0.422
   26.11,  -45.41,   6.0,    0.226,     0.38,    0.427
   26.21,  -40.23,   6.0,    0.265,    0.367,    0.435
   26.31,  -30.32,   6.0,    0.329,    0.349,    0.445
   26.36,  -23.41,   6.0,    0.391,    0.334,    0.453
   26.39,  -19.39,   6.0,    0.431,    0.325,    0.459
   26.41,  -14.30,   6.0,    0.475,    0.315,    0.465
   26.44,   -8.09,   6.0,    0.525,    0.304,    0.472
   26.46,   -0.84,   6.0,    0.579,    0.294,     0.48
   26.47,    2.55,   6.0,    0.609,    0.289,    0.485
   26.49,    6.09,   6.0,    0.639,    0.283,     0.49
   26.50,    9.69,   6.0,    0.669,    0.278,    0.495
   26.51,   13.26,   6.0,    0.698,    0.273,    0.501
   26.52,   16.70,   6.0,    0.727,    0.268,    0.507
   26.54,   19.91,   6.0,    0.755,    0.263,    0.513
   26.55,   22.80,   6.0,    0.782,    0.258,     0.52
   26.57,   28.32,   6.0,     0.83,    0.249,    0.533
   26.60,   31.41,   6.0,     0.87,    0.239,    0.546
   26.62,   32.64,   6.0,    0.902,    0.231,     0.56
   26.65,   32.62,   6.0,    0.927,    0.222,    0.574
   26.67,   31.87,   6.0,    0.945,    0.214,    0.587
   26.70,   30.67,   6.0,    0.958,    0.206,      0.6
   26.72,   29.21,   6.0,    0.968,    0.198,    0.611
   26.75,   27.56,   6.0,    0.975,    0.191,    0.623
   26.77,   25.78,   6.0,     0.98,    0.184,    0.633
   26.80,   23.91,   6.0,    0.984,    0.177,    0.644
   26.82,   21.97,   6.0,    0.987,    0.171,    0.653
   26.85,   19.98,   6.0,    0.988,    0.164,    0.662
   26.87,   17.95,   6.0,     0.99,    0.158,     0.67
   26.90,   15.91,   6.0,     0.99,    0.152,    0.678
   26.92,   13.85,   6.0,    0.991,    0.147,    0.686
   26.95,   11.80,   6.0,    0.991,    0.141,    0.692
   26.97,    9.75,   6.0,     0.99,    0.136,    0.699
   27.00,    7.71,   6.0,     0.99,    0.131,    0.705
   27.02,    5.68,   6.0,    0.989,    0.127,     0.71
   27.05,    3.68,   6.0,    0.988,    0.122,    0.716
   27.07,    1.70,   6.0,    0.987,    0.118,     0.72
   27.10,   -0.25,   6.0,    0.985,    0.113,    0.725
   27.12,   -2.18,   6.0,    0.984,    0.109,    0.729
   27.15,   -4.08,   6.0,    0.982,    0.106,    0.733
   27.17,   -5.95,   6.0,    0.979,    0.102,    0.736
   27.20,   -7.79,   6.0,    0.977,   0.0985,     0.74
   27.22,   -9.60,   6.0,    0.973,   0.0952,    0.743
   27.25,  -11.39,   6.0,     0.97,    0.092,    0.745
   27.27,  -13.14,   6.0,    0.966,   0.0891,    0.748
   27.30,  -14.87,   6.0,    0.962,   0.0863,     0.75
   27.32,  -16.57,   6.0,    0.957,   0.0836,    0.752
   27.35,  -18.24,   6.0,    0.952,   0.0811,    0.754
   27.37,  -19.89,   6.0,    0.945,   0.0788,    0.755
   27.40,  -21.51,   6.0,    0.939,   0.0767,    0.756
   27.42,  -23.11,   6.0,    0.931,   0.0747,    0.757
   27.47,  -27.69,   6.0,    0.916,    0.071,    0.759
   27.52,  -30.96,   6.0,    0.893,   0.0682,     0.76
   27.57,  -34.14,   6.0,    0.866,   0.0661,     0.76
   27.62,  -37.35,   6.0,    0.833,   0.0645,     0.76
   27.67,  -40.64,   6.0,    0.795,   0.0636,    0.758
   27.72,  -44.06,   6.0,     0.75,   0.0634,    0.757
   27.77,  -47.66,   6.0,    0.697,   0.0637,    0.754
   27.82,  -51.44,   6.0,    0.634,   0.0647,    0.751
   27.87,  -55.34,   6.0,    0.562,   0.0664,    0.747
   27.92,  -59.19,   6.0,    0.482,   0.0689,    0.743
   27.97,  -62.70,   6.0,    0.395,   0.0721,    0.738
   28.07,  -69.83,   6.0,    0.233,   0.0801,    0.727
   28.17,  -70.82,   6.0,   0.0982,    0.092,    0.715
   28.27,  -70.91,   6.0,   0.0484,    0.104,    0.702
   28.37,  -70.85,   6.0,   0.0328,    0.117,     0.69
   28.47,  -70.78,   6.0,   0.0281,    0.128,    0.678
   28.57,  -70.69,   6.0,   0.0268,     0.14,    0.666
   28.67,  -70.60,   6.0,   0.0266,    0.151,    0.655
   28.77,  -70.50,   6.0,   0.0268,    0.163,    0.644
   28.87,  -70.40,   6.0,    0.027,    0.173,    0.633
   28.97,  -70.30,   6.0,   0.0274,    0.184,    0.623
   29.07,  -70.19,   6.0,   0.0277,    0.194,    0.613
   29.17,  -70.07,   6.0,   0.0281,    0.204,    0.603
   29.27,  -69.95,   6.0,   0.0285,    0.214,    0.594
   29.37,  -69.83,   6.0,   0.0289,    0.224,    0.585
   29.47,  -69.70,   6.0,   0.0293,    0.233,    0.576
   29.57,  -69.57,   6.0,   0.0297,    0.242,    0.567
   29.67,  -69.44,   6.0,   0.0302,    0.251,    0.559
   29.77,  -69.30,   6.0,   0.0307,     0.26,    0.551
   29.87,  -69.15,   6.0,   0.0312,    0.268,    0.543
   29.97,  -69.00,   6.0,   0.0318,    0.276,    0.535
   30.07,  -68.85,   6.0,   0.0324,    0.284,    0.528
   30.17,  -68.70,   6.0,    0.033,    0.292,    0.521
   30.27,  -68.54,   6.0,   0.0336,    0.299,    0.514
   30.37,  -68.37,   6.0,   0.0342,    0.307,    0.508
   30.47,  -68.20,   6.0,   0.0349,    0.314,    0.501
   30.57,  -68.03,   6.0,   0.0356,     0.32,    0.495
   30.67,  -67.86,   6.0,   0.0363,    0.327,    0.489
   30.77,  -67.68,   6.0,   0.0371,    0.333,    0.483
   30.87,  -67.50,   6.0,   0.0379,    0.339,    0.478
   30.97,  -67.32,   6.0,   0.0387,    0.345,    0.473
   31.07,  -67.13,   6.0,   0.0396,    0.351,    0.468
   31.17,  -66.95,   6.0,   0.0404,    0.357,    0.463
   31.27,  -66.76,   6.0,   0.0413,    0.362,    0.458
   31.37,  -66.56,   6.0,   0.0423,    0.367,    0.454
   31.47,  -66.37,   6.0,   0.0432,    0.372,    0.449
   31.57,  -66.17,   6.0,   0.0442,    0.377,    0.445
   31.67,  -65.98,   6.0,   0.0453,    0.381,    0.441
   31.77,  -65.78,   6.0,   0.0463,    0.386,    0.437
   31.87,  -65.58,   6.0,   0.0474,     0.39,    0.434
   31.97,  -65.38,   6.0,   0.0485,    0.394,    0.431
   32.07,  -65.17,   6.0,   0.0497,    0.397,    0.427
   32.17,  -64.97,   6.0,   0.0509,    0.401,    0.424
   32.27,  -64.76,   6.0,   0.0521,    0.404,    0.421
   32.37,  -64.56,   6.0,   0.0534,    0.408,    0.419
   32.47,  -64.35,   6.0,   0.0546,    0.411,    0.416
   32.57,  -64.15,   6.0,    0.056,    0.414,    0.414
   32.67,  -63.94,   6.0,   0.0573,    0.416,    0.411
   32.77,  -63.73,   6.0,   0.0587,    0.419,    0.409
   32.88,  -63.52,   6.0,   0.0601,    0.421,    0.407
   32.98,  -63.31,   6.0,   0.0615,    0.423,    0.405
   33.08,  -63.10,   6.0,    0.063,    0.425,    0.404
   33.18,  -62.89,   6.0,   0.0645,    0.427,    0.402
   33.28,  -62.68,   6.0,   0.0661,    0.429,    0.401
   33.38,  -62.47,   6.0,   0.0677,     0.43,    0.399
   33.48,  -62.26,   6.0,   0.0693,    0.432,    0.398
   33.58,  -62.04,   6.0,    0.071,    0.433,    0.397
   33.68,  -61.83,   6.0,   0.0727,    0.434,    0.396
   33.78,  -61.61,   6.0,   0.0745,    0.435,    0.395
   33.88,  -61.40,   6.0,   0.0763,    0.436,    0.395
   33.98,  -61.18,   6.0,   0.0781,    0.436,    0.394
   34.08,  -60.95,   6.0,     0.08,    0.437,    0.394
   34.18,  -60.73,   6.0,    0.082,    0.437,    0.393
   34.28,  -60.50,   6.0,    0.084,    0.437,    0.393
   34.38,  -60.27,   6.0,   0.0861,    0.437,    0.393
   34.48,  -60.04,   6.0,   0.0882,    0.437,    0.393
   34.58,  -59.80,   6.0,   0.0905,    0.437,    0.393
   34.68,  -59.55,   6.0,   0.0928,    0.436,    0.393
   34.78,  -59.30,   6.0,   0.0952,    0.435,    0.393
   34.88,  -59.04,   6.0,   0.0977,    0.435,    0.394
   34.98,  -58.77,   6.0,      0.1,    0.434,    0.394
   35.08,  -58.49,   6.0,    0.103,    0.433,    0.395
   35.18,  -58.20,   6.0,    0.106,    0.431,    0.396
   35.28,  -57.89,   6.0,    0.109,     0.43,    0.397
   35.38,  -57.56,   6.0,    0.113,    0.428,    0.398
   35.48,  -57.21,   6.0,    0.116,    0.426,    0.399
   35.58,  -56.83,   6.0,     0.12,    0.424,      0.4
   35.68,  -56.41,   6.0,    0.125,    0.421,    0.401
   35.78,  -55.95,   6.0,     0.13,    0.419,    0.403
   35.88,  -55.42,   6.0,    0.135,    0.416,    0.405
   35.98,  -54.82,   6.0,    0.141,    0.412,    0.407
   36.08,  -54.10,   6.0,    0.149,    0.409,    0.409
   36.18,  -53.23,   6.0,    0.157,    0.404,    0.412
   36.28,  -52.13,   6.0,    0.168,    0.399,    0.414
   36.38,  -50.70,   6.0,    0.181,    0.394,    0.418
   36.48,  -48.70,   6.0,    0.199,    0.387,    0.422
   36.58,  -45.71,   6.0,    0.224,    0.378,    0.427
   36.68,  -40.78,   6.0,    0.262,    0.366,    0.434
   36.78,  -31.52,   6.0,    0.323,    0.348,    0.444
   36.83,  -25.09,   6.0,    0.381,    0.334,    0.452
   36.85,  -21.35,   6.0,    0.419,    0.325,    0.457
   36.88,  -16.61,   6.0,     0.46,    0.316,    0.463
   36.90,  -10.79,   6.0,    0.507,    0.306,     0.47
   36.93,   -3.91,   6.0,    0.559,    0.295,    0.477
   36.95,    3.81,   6.0,    0.615,    0.285,    0.486
   36.98,   11.87,   6.0,    0.675,    0.275,    0.497
   37.00,   19.42,   6.0,    0.734,    0.264,    0.508
   37.03,   25.57,   6.0,     0.79,    0.255,    0.521
   37.05,   29.77,   6.0,    0.838,    0.245,    0.535
   37.08,   32.04,   6.0,    0.877,    0.236,    0.549
   37.10,   32.78,   6.0,    0.908,    0.227,    0.563
   37.13,   32.52,   6.0,    0.931,    0.219,    0.576
   37.15,   31.62,   6.0,    0.948,    0.211,    0.589
   37.18,   30.35,   6.0,    0.961,    0.203,    0.602
   37.20,   28.84,   6.0,     0.97,    0.196,    0.613
   37.23,   27.15,   6.0,    0.976,    0.188,    0.625
   37.25,   25.35,   6.0,    0.981,    0.181,    0.635
   37.28,   23.45,   6.0,    0.985,    0.175,    0.645
   37.30,   21.50,   6.0,    0.987,    0.168,    0.654
   37.33,   19.49,   6.0,    0.989,    0.162,    0.663
   37.35,   17.46,   6.0,     0.99,    0.156,    0.672
   37.38,   15.41,   6.0,     0.99,     0.15,    0.679
   37.40,   13.35,   6.0,    0.991,    0.145,    0.687
   37.43,   11.29,   6.0,    0.991,    0.139,    0.693
   37.45,    9.24,   6.0,     0.99,    0.134,      0.7
   37.48,    7.20,   6.0,     0.99,    0.129,    0.706
   37.50,    5.17,   6.0,    0.989,    0.125,    0.711
   37.53,    3.17,   6.0,    0.988,     0.12,    0.716
   37.55,    1.20,   6.0,    0.987,    0.116,    0.721
   37.58,   -0.75,   6.0,    0.985,    0.112,    0.725
   37.60,   -2.68,   6.0,    0.983,    0.108,    0.729
   37.63,   -4.57,   6.0,    0.981,    0.104,    0.733
   37.65,   -6.44,   6.0,    0.979,    0.101,    0.737
   37.68,   -8.28,   6.0,    0.976,   0.0972,     0.74
   37.70,  -10.08,   6.0,    0.973,   0.0939,    0.743
   37.73,  -11.86,   6.0,    0.969,   0.0909,    0.745
   37.75,  -13.61,   6.0,    0.965,    0.088,    0.748
   37.78,  -15.33,   6.0,    0.961,   0.0852,     0.75
   37.80,  -17.02,   6.0,    0.956,   0.0826,    0.752
   37.83,  -18.69,   6.0,     0.95,   0.0802,    0.753
   37.85,  -20.33,   6.0,    0.944,   0.0779,    0.755
   37.88,  -21.95,   6.0,    0.937,   0.0758,    0.756
   37.90,  -23.55,   6.0,    0.929,   0.0739,    0.757
   37.95,  -28.11,   6.0,    0.913,   0.0704,    0.759
   38.00,  -31.38,   6.0,     0.89,   0.0676,     0.76
   38.05,  -34.57,   6.0,    0.862,   0.0656,     0.76
   38.10,  -37.78,   6.0,    0.829,   0.0642,    0.759
   38.15,  -41.09,   6.0,     0.79,   0.0634,    0.758
   38.20,  -44.53,   6.0,    0.743,   0.0632,    0.756
   38.25,  -48.15,   6.0,    0.689,   0.0636,    0.753
   38.30,  -51.95,   6.0,    0.625,   0.0647,     0.75
   38.35,  -55.85,   6.0,    0.552,   0.0665,    0.746
   38.40,  -59.67,   6.0,     0.47,   0.0691,    0.742
   38.45,  -63.11,   6.0,    0.383,   0.0724,    0.737
   38.55,  -69.92,   6.0,    0.223,   0.0806,    0.726
   38.65,  -70.83,   6.0,   0.0941,   0.0925,    0.714
   38.75,  -70.90,   6.0,   0.0471,    0.105,    0.701
   38.85,  -70.85,   6.0,   0.0324,    0.117,    0.689
   38.95,  -70.77,   6.0,    0.028,    0.129,    0.677
   39.05,  -70.68,   6.0,   0.0268,    0.141,    0.665
   39.15,  -70.59,   6.0,   0.0266,    0.152,    0.654
   39.25,  -70.49,   6.0,   0.0268,    0.163,    0.643
   39.35,  -70.39,   6.0,   0.0271,    0.174,    0.632
   39.45,  -70.29,   6.0,   0.0274,    0.184,    0.622
   39.55,  -70.18,   6.0,   0.0277,    0.195,    0.612
   39.65,  -70.06,   6.0,   0.0281,    0.205,    0.602
   39.75,  -69.94,   6.0,   0.0285,    0.215,    0.593
   39.85,  -69.82,   6.0,   0.0289,    0.224,    0.584
   39.95,  -69.69,   6.0,   0.0293,    0.234,    0.575
   40.05,  -69.56,   6.0,   0.0298,    0.243,    0.566
   40.15,  -69.42,   6.0,   0.0303,    0.251,    0.558
   40.25,  -69.28,   6.0,   0.0308,     0.26,     0.55
   40.35,  -69.14,   6.0,   0.0313,    0.268,    0.542
   40.45,  -68.99,   6.0,   0.0318,    0.277,    0.535
   40.55,  -68.84,   6.0,   0.0324,    0.284,    0.527
   40.65,  -68.68,   6.0,    0.033,    0.292,     0.52
   40.75,  -68.52,   6.0,   0.0336,      0.3,    0.514
   40.85,  -68.36,   6.0,   0.0343,    0.307,    0.507
   40.95,  -68.19,   6.0,    0.035,    0.314,    0.501
   41.05,  -68.02,   6.0,   0.0357,    0.321,    0.495
   41.15,  -67.84,   6.0,   0.0364,    0.327,    0.489
   41.25,  -67.67,   6.0,   0.0372,    0.334,    0.483
   41.35,  -67.49,   6.0,    0.038,     0.34,    0.477
   41.45,  -67.30,   6.0,   0.0388,    0.346,    0.472
   41.55,  -67.12,   6.0,   0.0396,    0.351,    0.467
   41.65,  -66.93,   6.0,   0.0405,    0.357,    0.462
   41.75,  -66.74,   6.0,   0.0414,    0.362,    0.458
   41.85,  -66.55,   6.0,   0.0424,    0.367,    0.453
   41.95,  -66.35,   6.0,   0.0433,    0.372,    0.449
   42.05,  -66.16,   6.0,   0.0443,    0.377,    0.445
   42.15,  -65.96,   6.0,   0.0454,    0.381,    0.441
   42.25,  -65.76,   6.0,   0.0464,    0.386,    0.437
   42.35,  -65.56,   6.0,   0.0475,     0.39,    0.434
   42.45,  -65.36,   6.0,   0.0487,    0.394,     0.43
   42.55,  -65.15,   6.0,   0.0498,    0.397,    0.427
   42.65,  -64.95,   6.0,    0.051,    0.401,    0.424
   42.75,  -64.74,   6.0,   0.0522,    0.404,    0.421
   42.85,  -64.54,   6.0,   0.0535,    0.408,    0.418
   42.95,  -64.33,   6.0,   0.0548,    0.411,    0.416
   43.05,  -64.13,   6.0,   0.0561,    0.414,    0.413
   43.15,  -63.92,   6.0,   0.0574,    0.416,    0.411
   43.25,  -63.71,   6.0,   0.0588,    0.419,    0.409
   43.35,  -63.50,   6.0,   0.0602,    0.421,    0.407
   43.45,  -63.29,   6.0,   0.0617,    0.423,    0.405
   43.55,  -63.08,   6.0,   0.0632,    0.425,    0.403
   43.65,  -62.87,   6.0,   0.0647,    0.427,    0.402
   43.75,  -62.66,   6.0,   0.0662,    0.429,      0.4
   43.85,  -62.45,   6.0,   0.0678,     0.43,    0.399
   43.95,  -62.24,   6.0,   0.0695,    0.432,    0.398
   44.05,  -62.02,   6.0,   0.0711,    0.433,    0.397
   44.15,  -61.81,   6.0,   0.0729,    0.434,    0.396
   44.25,  -61.59,   6.0,   0.0746,    0.435,    0.395
   44.35,  -61.38,   6.0,   0.0764,    0.436,    0.395
   44.45,  -61.16,   6.0,   0.0783,    0.436,    0.394
   44.55,  -60.94,   6.0,   0.0802,    0.437,    0.393
   44.65,  -60.71,   6.0,   0.0821,    0.437,    0.393
   44.75,  -60.48,   6.0,   0.0842,    0.437,    0.393
   44.85,  -60.25,   6.0,   0.0863,    0.437,    0.393
   44.95,  -60.02,   6.0,   0.0884,    0.437,    0.393
   45.05,  -59.78,   6.0,   0.0907,    0.436,    0.393
   45.15,  -59.53,   6.0,    0.093,    0.436,    0.393
   45.25,  -59.28,   6.0,   0.0954,    0.435,    0.393
   45.35,  -59.02,   6.0,    0.098,    0.434,    0.394
   45.45,  -58.75,   6.0,    0.101,    0.433,    0.394
   45.55,  -58.47,   6.0,    0.103,    0.432,    0.395
   45.65,  -58.18,   6.0,    0.106,    0.431,    0.396
   45.75,  -57.87,   6.0,     0.11,    0.429,    0.397
   45.85,  -57.54,   6.0,    0.113,    0.428,    0.398
   45.95,  -57.18,   6.0,    0.117,    0.426,    0.399
   46.05,  -56.80,   6.0,    0.121,    0.423,      0.4
   46.15,  -56.38,   6.0,    0.125,    0.421,    0.401
   46.25,  -55.91,   6.0,     0.13,    0.418,    0.403
   46.35,  -55.38,   6.0,    0.135,    0.415,    0.405
   46.45,  -54.76,   6.0,    0.142,    0.412,    0.407
   46.55,  -54.04,   6.0,    0.149,    0.408,    0.409
   46.65,  -53.15,   6.0,    0.158,    0.404,    0.412
   46.75,  -52.04,   6.0,    0.169,    0.399,    0.415
   46.85,  -50.57,   6.0,    0.183,    0.393,    0.418
   46.95,  -48.51,   6.0,    0.201,    0.386,    0.422
   47.05,  -45.43,   6.0,    0.227,    0.377,    0.428
   47.15,  -40.29,   6.0,    0.265,    0.365,    0.435
   47.25,  -30.52,   6.0,    0.329,    0.347,    0.445
   47.30,  -23.72,   6.0,     0.39,    0.332,    0.453
   47.33,  -19.77,   6.0,     0.43,    0.322,    0.459
   47.35,  -14.77,   6.0,    0.473,    0.313,    0.465
   47.38,   -8.66,   6.0,    0.522,    0.303,    0.472
   47.40,   -1.52,   6.0,    0.576,    0.292,     0.48
   47.41,    1.83,   6.0,    0.605,    0.287,    0.485
   47.43,    5.34,   6.0,    0.635,    0.282,     0.49
   47.44,    8.93,   6.0,    0.665,    0.277,    0.495
   47.45,   12.50,   6.0,    0.694,    0.272,    0.501
   47.46,   15.95,   6.0,    0.723,    0.267,    0.506
   47.48,   19.19,   6.0,    0.751,    0.262,    0.513
   47.49,   22.13,   6.0,    0.778,    0.257,    0.519
   47.51,   27.78,   6.0,    0.826,    0.247,    0.532
   47.54,   31.04,   6.0,    0.867,    0.238,    0.546
   47.56,   32.40,   6.0,      0.9,    0.229,    0.559
   47.59,   32.48,   6.0,    0.925,    0.221,    0.573
   47.61,   31.78,   6.0,    0.943,    0.213,    0.586
   47.64,   30.61,   6.0,    0.957,    0.205,    0.599
   47.66,   29.17,   6.0,    0.967,    0.197,    0.611
   47.69,   27.53,   6.0,    0.974,     0.19,    0.622
   47.71,   25.75,   6.0,     0.98,    0.183,    0.633
   47.74,   23.89,   6.0,    0.984,    0.176,    0.643
   47.76,   21.95,   6.0,    0.986,     0.17,    0.652
   47.79,   19.96,   6.0,    0.988,    0.163,    0.661
   47.81,   17.93,   6.0,    0.989,    0.157,     0.67
   47.84,   15.88,   6.0,     0.99,    0.151,    0.677
   47.86,   13.82,   6.0,    0.991,    0.146,    0.685
   47.89,   11.76,   6.0,    0.991,    0.141,    0.692
   47.91,    9.71,   6.0,     0.99,    0.135,    0.698
   47.94,    7.67,   6.0,     0.99,    0.131,    0.704
   47.96,    5.64,   6.0,    0.989,    0.126,     0.71
   47.99,    3.64,   6.0,    0.988,    0.121,    0.715
   48.01,    1.65,   6.0,    0.987,    0.117,     0.72
   48.04,   -0.31,   6.0,    0.985,    0.113,    0.724
   48.06,   -2.24,   6.0,    0.984,    0.109,    0.728
   48.09,   -4.14,   6.0,    0.982,    0.105,    0.732
   48.11,   -6.01,   6.0,    0.979,    0.101,    0.736
   48.14,   -7.85,   6.0,    0.976,   0.0979,    0.739
   48.16,   -9.67,   6.0,    0.973,   0.0946,    0.742
   48.19,  -11.45,   6.0,     0.97,   0.0915,    0.745
   48.21,  -13.21,   6.0,    0.966,   0.0886,    0.747
   48.24,  -14.93,   6.0,    0.962,   0.0858,    0.749
   48.26,  -16.64,   6.0,    0.957,   0.0832,    0.751
   48.29,  -18.31,   6.0,    0.951,   0.0807,    0.753
   48.31,  -19.96,   6.0,    0.945,   0.0784,    0.754
   48.34,  -21.58,   6.0,    0.939,   0.0763,    0.756
   48.36,  -23.19,   6.0,    0.931,   0.0743,    0.757
   48.41,  -27.76,   6.0,    0.915,   0.0707,    0.759
   48.46,  -31.03,   6.0,    0.892,   0.0679,     0.76
   48.51,  -34.22,   6.0,    0.865,   0.0658,     0.76
   48.56,  -37.43,   6.0,    0.833,   0.0643,    0.759
   48.61,  -40.72,   6.0,    0.794,   0.0634,    0.758
   48.66,  -44.14,   6.0,    0.749,   0.0631,    0.756
   48.71,  -47.74,   6.0,    0.695,   0.0635,    0.754
   48.76,  -51.52,   6.0,    0.633,   0.0646,     0.75
   48.81,  -55.42,   6.0,    0.561,   0.0663,    0.747
   48.86,  -59.25,   6.0,     0.48,   0.0687,    0.742
   48.91,  -62.75,   6.0,    0.393,    0.072,    0.738
   49.01,  -69.82,   6.0,    0.232,     0.08,    0.727
   49.11,  -70.82,   6.0,   0.0977,   0.0919,    0.714
   49.21,  -70.90,   6.0,   0.0483,    0.104,    0.702
   49.31,  -70.85,   6.0,   0.0327,    0.116,    0.689
   49.41,  -70.77,   6.0,   0.0281,    0.128,    0.677
   49.51,  -70.69,   6.0,   0.0268,     0.14,    0.666
   49.61,  -70.59,   6.0,   0.0266,    0.151,    0.655
   49.71,  -70.50,   6.0,   0.0268,    0.162,    0.644
   49.81,  -70.40,   6.0,    0.027,    0.173,    0.633
   49.91,  -70.29,   6.0,   0.0274,    0.184,    0.623
   50.01,  -70.18,   6.0,   0.0277,    0.194,    0.613
   50.11,  -70.07,   6.0,   0.0281,    0.204,    0.603
   50.21,  -69.95,   6.0,   0.0285,    0.214,    0.593
   50.31,  -69.83,   6.0,   0.0289,    0.224,    0.584
   50.41,  -69.70,   6.0,   0.0293,    0.233,    0.575
   50.51,  -69.57,   6.0,   0.0298,    0.242,    0.567
   50.61,  -69.43,   6.0,   0.0302,    0.251,    0.559
   50.71,  -69.29,   6.0,   0.0307,     0.26,     0.55
   50.81,  -69.15,   6.0,   0.0313,    0.268,    0.543
   50.91,  -69.00,   6.0,   0.0318,    0.276,    0.535
   51.01,  -68.85,   6.0,   0.0324,    0.284,    0.528
   51.11,  -68.69,   6.0,    0.033,    0.292,    0.521
   51.21,  -68.53,   6.0,   0.0336,    0.299,    0.514
   51.31,  -68.36,   6.0,   0.0343,    0.306,    0.507
   51.41,  -68.20,   6.0,   0.0349,    0.313,    0.501
   51.51,  -68.03,   6.0,   0.0356,     0.32,    0.495
   51.61,  -67.85,   6.0,   0.0364,    0.327,    0.489
   51.71,  -67.68,   6.0,   0.0371,    0.333,    0.483
   51.81,  -67.49,   6.0,   0.0379,    0.339,    0.478
   51.91,  -67.31,   6.0,   0.0387,    0.345,    0.472
   52.01,  -67.13,   6.0,   0.0396,    0.351,    0.467
   52.11,  -66.94,   6.0,   0.0405,    0.357,    0.462
   52.21,  -66.75,   6.0,   0.0414,    0.362,    0.458
   52.31,  -66.56,   6.0,   0.0423,    0.367,    0.453
   52.41,  -66.36,   6.0,   0.0433,    0.372,    0.449
   52.51,  -66.17,   6.0,   0.0443,    0.377,    0.445
   52.61,  -65.97,   6.0,   0.0453,    0.381,    0.441
   52.71,  -65.77,   6.0,   0.0464,    0.385,    0.437
   52.81,  -65.57,   6.0,   0.0475,     0.39,    0.434
   52.91,  -65.37,   6.0,   0.0486,    0.394,     0.43
   53.01,  -65.16,   6.0,   0.0498,    0.397,    0.427
   53.11,  -64.96,   6.0,   0.0509,    0.401,    0.424
   53.21,  -64.75,   6.0,   0.0522,    0.404,    0.421
   53.31,  -64.55,   6.0,   0.0534,    0.407,    0.418
   53.41,  -64.34,   6.0,   0.0547,    0.411,    0.416
   53.51,  -64.14,   6.0,    0.056,    0.413,    0.413
   53.61,  -63.93,   6.0,   0.0574,    0.416,    0.411
   53.71,  -63.72,   6.0,   0.0587,    0.419,    0.409
   53.81,  -63.51,   6.0,   0.0602,    0.421,    0.407
   53.91,  -63.30,   6.0,   0.0616,    0.423,    0.405
   54.01,  -63.09,   6.0,   0.0631,    0.425,    0.404
   54.11,  -62.88,   6.0,   0.0646,    0.427,    0.402
   54.21,  -62.67,   6.0,   0.0662,    0.429,    0.401
   54.31,  -62.46,   6.0,   0.0678,     0.43,    0.399
   54.41,  -62.25,   6.0,   0.0694,    0.432,    0.398
   54.51,  -62.03,   6.0,   0.0711,    0.433,    0.397
   54.61,  -61.82,   6.0,   0.0728,    0.434,    0.396
   54.71,  -61.60,   6.0,   0.0745,    0.435,    0.395
   54.81,  -61.39,   6.0,   0.0763,    0.436,    0.395
   54.91,  -61.17,   6.0,   0.0782,    0.436,    0.394
   55.01,  -60.95,   6.0,   0.0801,    0.437,    0.394
   55.11,  -60.72,   6.0,    0.082,    0.437,    0.393
   55.21,  -60.49,   6.0,   0.0841,    0.437,    0.393
   55.31,  -60.26,   6.0,   0.0862,    0.437,    0.393
   55.41,  -60.03,   6.0,   0.0883,    0.437,    0.393
   55.51,  -59.79,   6.0,   0.0906,    0.436,    0.393
   55.61,  -59.54,   6.0,   0.0929,    0.436,    0.393
   55.71,  -59.29,   6.0,   0.0953,    0.435,    0.393
   55.81,  -59.03,   6.0,   0.0978,    0.434,    0.394
   55.91,  -58.76,   6.0,    0.101,    0.433,    0.394
   56.01,  -58.48,   6.0,    0.103,    0.432,    0.395
   56.11,  -58.19,   6.0,    0.106,    0.431,    0.396
   56.21,  -57.88,   6.0,    0.109,    0.429,    0.397
   56.31,  -57.55,   6.0,    0.113,    0.428,    0.398
   56.41,  -57.20,   6.0,    0.116,    0.426,    0.399
   56.51,  -56.82,   6.0,     0.12,    0.424,      0.4
   56.61,  -56.40,   6.0,    0.125,    0.421,    0.401
   56.71,  -55.93,   6.0,     0.13,    0.418,    0.403
   56.81,  -55.41,   6.0,    0.135,    0.415,    0.405
   56.91,  -54.80,   6.0,    0.141,    0.412,    0.407
   57.01,  -54.08,   6.0,    0.149,    0.408,    0.409
   57.11,  -53.20,   6.0,    0.157,    0.404,    0.412
   57.21,  -52.10,   6.0,    0.168,    0.399,    0.415
   57.31,  -50.65,   6.0,    0.182,    0.393,    0.418
   57.41,  -48.64,   6.0,      0.2,    0.386,    0.422
   57.51,  -45.62,   6.0,    0.225,    0.377,    0.427
   57.61,  -40.62,   6.0,    0.263,    0.365,    0.434
   57.71,  -31.20,   6.0,    0.325,    0.348,    0.444
   57.76,  -24.65,   6.0,    0.384,    0.333,    0.452
   57.79,  -20.84,   6.0,    0.422,    0.324,    0.458
   57.81,  -16.02,   6.0,    0.465,    0.315,    0.464
   57.84,  -10.11,   6.0,    0.512,    0.305,     0.47
   57.86,   -3.14,   6.0,    0.564,    0.294,    0.478
   57.89,    4.64,   6.0,    0.621,    0.284,    0.487
   57.91,   12.68,   6.0,    0.681,    0.273,    0.498
   57.94,   20.12,   6.0,     0.74,    0.263,     0.51
   57.96,   26.09,   6.0,    0.795,    0.254,    0.523
   57.99,   30.08,   6.0,    0.842,    0.244,    0.536
   58.01,   32.17,   6.0,    0.881,    0.235,     0.55
   58.04,   32.79,   6.0,    0.911,    0.227,    0.564
   58.06,   32.45,   6.0,    0.933,    0.218,    0.577
   58.09,   31.51,   6.0,     0.95,     0.21,     0.59
   58.11,   30.21,   6.0,    0.962,    0.202,    0.603
   58.14,   28.67,   6.0,     0.97,    0.195,    0.615
   58.16,   26.97,   6.0,    0.977,    0.188,    0.626
   58.19,   25.16,   6.0,    0.982,    0.181,    0.636
   58.21,   23.26,   6.0,    0.985,    0.174,    0.646
   58.24,   21.29,   6.0,    0.987,    0.168,    0.655
   58.26,   19.29,   6.0,    0.989,    0.161,    0.664
   58.29,   17.25,   6.0,     0.99,    0.155,    0.672
   58.31,   15.20,   6.0,    0.991,     0.15,     0.68
   58.34,   13.14,   6.0,    0.991,    0.144,    0.687
   58.36,   11.08,   6.0,    0.991,    0.139,    0.694
   58.39,    9.03,   6.0,     0.99,    0.134,      0.7
   58.41,    6.99,   6.0,     0.99,    0.129,    0.706
   58.44,    4.97,   6.0,    0.989,    0.124,    0.712
   58.46,    2.97,   6.0,    0.988,     0.12,    0.717
   58.49,    0.99,   6.0,    0.986,    0.116,    0.721
   58.51,   -0.95,   6.0,    0.985,    0.111,    0.726
   58.54,   -2.88,   6.0,    0.983,    0.108,     0.73
   58.56,   -4.77,   6.0,    0.981,    0.104,    0.734
   58.59,   -6.63,   6.0,    0.978,      0.1,    0.737
   58.61,   -8.46,   6.0,    0.975,   0.0968,     0.74
   58.64,  -10.27,   6.0,    0.972,   0.0936,    0.743
   58.66,  -12.04,   6.0,    0.969,   0.0906,    0.746
   58.69,  -13.79,   6.0,    0.965,   0.0877,    0.748
   58.71,  -15.51,   6.0,     0.96,   0.0849,     0.75
   58.74,  -17.20,   6.0,    0.955,   0.0824,    0.752
   58.76,  -18.86,   6.0,    0.949,     0.08,    0.754
   58.79,  -20.50,   6.0,    0.943,   0.0777,    0.755
   58.81,  -22.12,   6.0,    0.936,   0.0756,    0.756
   58.84,  -23.72,   6.0,    0.928,   0.0737,    0.757
   58.89,  -28.27,   6.0,    0.912,   0.0702,    0.759
   58.94,  -31.54,   6.0,    0.889,   0.0675,     0.76
   58.99,  -34.72,   6.0,     0.86,   0.0655,     0.76
   59.04,  -37.95,   6.0,    0.827,   0.0641,    0.759
   59.09,  -41.26,   6.0,    0.788,   0.0633,    0.758
   59.14,  -44.71,   6.0,    0.741,   0.0632,    0.756
   59.19,  -48.34,   6.0,    0.686,   0.0636,    0.753
   59.24,  -52.15,   6.0,    0.622,   0.0648,     0.75
   59.29,  -56.05,   6.0,    0.548,   0.0666,    0.746
   59.34,  -59.85,   6.0,    0.466,   0.0692,    0.742
   59.39,  -63.27,   6.0,    0.379,   0.0726,    0.737
   59.49,  -69.97,   6.0,     0.22,   0.0809,    0.726
   59.59,  -70.83,   6.0,   0.0925,   0.0928,    0.713
   59.69,  -70.90,   6.0,   0.0466,    0.105,    0.701
   59.79,  -70.85,   6.0,   0.0322,    0.117,    0.688
   59.89,  -70.77,   6.0,   0.0279,    0.129,    0.677
   59.99,  -70.68,   6.0,   0.0268,    0.141,    0.665
   60.09,  -70.59,   6.0,   0.0266,    0.152,    0.654
   60.19,  -70.49,   6.0,   0.0268,    0.163,    0.643
   60.29,  -70.39,   6.0,   0.0271,    0.174,    0.632
   60.39,  -70.28,   6.0,   0.0274,    0.185,    0.622
   60.49,  -70.17,   6.0,   0.0277,    0.195,    0.612
   60.59,  -70.06,   6.0,   0.0281,    0.205,    0.602
   60.69,  -69.94,   6.0,   0.0285,    0.215,    0.593
   60.79,  -69.82,   6.0,   0.0289,    0.224,    0.584
   60.89,  -69.69,   6.0,   0.0293,    0.234,    0.575
   60.99,  -69.56,   6.0,   0.0298,    0.243,    0.566
   61.09,  -69.42,   6.0,   0.0303,    0.252,    0.558
   61.19,  -69.28,   6.0,   0.0308,     0.26,     0.55
   61.29,  -69.14,   6.0,   0.0313,    0.269,    0.542
   61.39,  -68.99,   6.0,   0.0319,    0.277,    0.535
   61.49,  -68.83,   6.0,   0.0324,    0.285,    0.527
   61.59,  -68.68,   6.0,    0.033,    0.292,     0.52
   61.69,  -68.52,   6.0,   0.0337,      0.3,    0.513
   61.79,  -68.35,   6.0,   0.0343,    0.307,    0.507
   61.89,  -68.18,   6.0,    0.035,    0.314,      0.5
   61.99,  -68.01,   6.0,   0.0357,    0.321,    0.494
   62.09,  -67.84,   6.0,   0.0364,    0.327,    0.488
   62.19,  -67.66,   6.0,   0.0372,    0.334,    0.483
   62.29,  -67.48,   6.0,    0.038,     0.34,    0.477
   62.39,  -67.30,   6.0,   0.0388,    0.346,    0.472
   62.49,  -67.11,   6.0,   0.0397,    0.351,    0.467
   62.59,  -66.92,   6.0,   0.0405,    0.357,    0.462
   62.69,  -66.73,   6.0,   0.0414,    0.362,    0.457
   62.79,  -66.54,   6.0,   0.0424,    0.367,    0.453
   62.89,  -66.35,   6.0,   0.0434,    0.372,    0.449
   62.99,  -66.15,   6.0,   0.0444,    0.377,    0.445
   63.09,  -65.95,   6.0,   0.0454,    0.381,    0.441
   63.19,  -65.75,   6.0,   0.0465,    0.386,    0.437
   63.29,  -65.55,   6.0,   0.0476,     0.39,    0.433
   63.39,  -65.35,   6.0,   0.0487,    0.394,     0.43
   63.49,  -65.15,   6.0,   0.0498,    0.398,    0.427
   63.59,  -64.94,   6.0,    0.051,    0.401,    0.424
   63.69,  -64.74,   6.0,   0.0523,    0.405,    0.421
   63.79,  -64.53,   6.0,   0.0535,    0.408,    0.418
   63.89,  -64.33,   6.0,   0.0548,    0.411,    0.416
   63.99,  -64.12,   6.0,   0.0561,    0.414,    0.413
   64.09,  -63.91,   6.0,   0.0575,    0.416,    0.411
   64.19,  -64.31,   0.0,   0.0588,    0.419,    0.409
   64.29,  -64.64,   0.0,   0.0581,    0.422,    0.407
   64.39,  -64.92,   0.0,   0.0566,    0.424,    0.404
   64.49,  -65.16,   0.0,   0.0549,    0.427,    0.402
   64.59,  -65.37,   0.0,   0.0533,     0.43,      0.4
   64.69,  -65.55,   0.0,   0.0518,    0.434,    0.397
   64.79,  -65.70,   0.0,   0.0506,    0.437,    0.395
   64.89,  -65.82,   0.0,   0.0496,     0.44,    0.393
   64.99,  -65.92,   0.0,   0.0487,    0.443,     0.39
   65.09,  -66.00,   0.0,    0.048,    0.446,    0.388
   65.19,  -66.06,   0.0,   0.0474,     0.45,    0.386
   65.29,  -66.11,   0.0,    0.047,    0.453,    0.383
   65.39,  -66.14,   0.0,   0.0467,    0.456,    0.381
   65.49,  -66.16,   0.0,   0.0464,    0.459,    0.379
   65.59,  -66.17,   0.0,   0.0463,    0.462,    0.377
   65.69,  -66.16,   0.0,   0.0462,    0.465,    0.375
   65.79,  -66.15,   0.0,   0.0461,    0.468,    0.373
   65.89,  -66.13,   0.0,   0.0462,    0.471,    0.371
   65.99,  -66.10,   0.0,   0.0462,    0.474,    0.369
   66.09,  -66.07,   0.0,   0.0463,    0.477,    0.367
   66.19,  -66.03,   0.0,   0.0465,    0.479,    0.365
   66.29,  -65.99,   0.0,   0.0467,    0.482,    0.363
   66.39,  -65.94,   0.0,   0.0469,    0.485,    0.362
   66.49,  -65.88,   0.0,   0.0472,    0.487,     0.36
   66.59,  -65.83,   0.0,   0.0475,     0.49,    0.359
   66.69,  -65.77,   0.0,   0.0478,    0.492,    0.357
   66.79,  -65.70,   0.0,   0.0481,    0.494,    0.356
   66.89,  -65.64,   0.0,   0.0484,    0.496,    0.355
   66.99,  -65.57,   0.0,   0.0488,    0.499,    0.353
   67.09,  -65.50,   0.0,   0.0492,    0.501,    0.352
   67.19,  -65.43,   0.0,   0.0496,    0.503,    0.351
   67.29,  -65.35,   0.0,     0.05,    0.504,     0.35
   67.39,  -65.28,   0.0,   0.0504,    0.506,    0.349
   67.49,  -65.20,   0.0,   0.0509,    0.508,    0.348
   67.59,  -65.12,   0.0,   0.0513,     0.51,    0.347
   67.69,  -65.04,   0.0,   0.0518,    0.511,    0.346
   67.79,  -64.96,   0.0,   0.0523,    0.513,    0.345
   67.89,  -64.89,   0.0,   0.0527,    0.514,    0.345
   67.99,  -64.80,   0.0,   0.0532,    0.516,    0.344
   68.09,  -64.72,   0.0,   0.0537,    0.517,    0.343
   68.19,  -64.64,   0.0,   0.0542,    0.518,    0.343
   68.29,  -64.56,   0.0,   0.0548,    0.519,    0.342
   68.39,  -64.48,   0.0,   0.0553,     0.52,    0.342
   68.49,  -64.40,   0.0,   0.0558,    0.521,    0.341
   68.59,  -64.32,   0.0,   0.0563,    0.522,    0.341
   68.69,  -64.24,   0.0,   0.0569,    0.523,     0.34
   68.79,  -64.15,   0.0,   0.0574,    0.524,     0.34
   68.89,  -64.07,   0.0,    0.058,    0.525,     0.34
   68.99,  -63.99,   0.0,   0.0585,    0.525,     0.34
   69.09,  -63.91,   0.0,   0.0591,    0.526,     0.34
   69.19,  -63.83,   0.0,   0.0596,    0.527,    0.339
   69.29,  -63.75,   0.0,   0.0602,    0.527,    0.339
   69.39,  -63.67,   0.0,   0.0607,    0.528,    0.339
   69.49,  -63.60,   0.0,   0.0613,    0.528,    0.339
   69.59,  -63.52,   0.0,   0.0619,    0.528,    0.339
   69.69,  -63.44,   0.0,   0.0624,    0.529,    0.339
   69.79,  -63.36,   0.0,    0.063,    0.529,    0.339
   69.89,  -63.29,   0.0,   0.0635,    0.529,    0.339
   69.99,  -63.21,   0.0,   0.0641,    0.529,     0.34
   70.09,  -63.14,   0.0,   0.0646,    0.529,     0.34
   70.19,  -63.07,   0.0,   0.0652,    0.529,     0.34
   70.29,  -63.00,   0.0,   0.0658,    0.529,     0.34
   70.39,  -62.92,   0.0,   0.0663,    0.529,     0.34
   70.49,  -62.85,   0.0,   0.0669,    0.529,    0.341
   70.59,  -62.79,   0.0,   0.0674,    0.529,    0.341
   70.69,  -62.72,   0.0,   0.0679,    0.529,    0.341
   70.79,  -62.65,   0.0,   0.0685,    0.528,    0.342
   70.89,  -62.59,   0.0,    0.069,    0.528,    0.342
   70.99,  -62.52,   0.0,   0.0695,    0.528,    0.342
   71.09,  -62.46,   0.0,     0.07,    0.527,    0.343
   71.19,  -62.40,   0.0,   0.0705,    0.527,    0.343
   71.29,  -62.34,   0.0,    0.071,    0.526,    0.343
   71.39,  -62.28,   0.0,   0.0715,    0.526,    0.344
   71.49,  -62.23,   0.0,    0.072,    0.526,    0.344
   71.59,  -62.17,   0.0,   0.0725,    0.525,    0.345
   71.69,  -62.12,   0.0,    0.073,    0.524,    0.345
   71.79,  -62.07,   0.0,   0.0734,    0.524,    0.346
   71.89,  -62.02,   0.0,   0.0738,    0.523,    0.346
   71.99,  -61.97,   0.0,   0.0743,    0.523,    0.347
   72.09,  -61.93,   0.0,   0.0747,    0.522,    0.347
   72.19,  -61.89,   0.0,   0.0751,    0.521,    0.348
   72.29,  -61.85,   0.0,   0.0755,    0.521,    0.348
   72.39,  -61.81,   0.0,   0.0758,     0.52,    0.349
   72.49,  -61.77,   0.0,   0.0762,    0.519,    0.349
   72.59,  -61.74,   0.0,   0.0765,    0.519,     0.35
   72.69,  -61.71,   0.0,   0.0768,    0.518,     0.35
   72.79,  -61.68,   0.0,   0.0771,    0.517,    0.351
   72.89,  -61.65,   0.0,   0.0774,    0.516,    0.352
