#time (msec), membrane voltage (mV), stimulus level (nA), m, h, n
    0.10,  -62.39,   0.0,   0.0716,    0.514,    0.354
    0.20,  -62.40,   0.0,   0.0716,    0.514,    0.354
    0.30,  -62.40,   0.0,   0.0716,    0.514,    0.354
    0.40,  -62.40,   0.0,   0.0716,    0.514,    0.354
    0.50,  -62.41,   0.0,   0.0716,    0.514,    0.354
    0.60,  -62.41,   0.0,   0.0715,    0.513,    0.354
    0.70,  -62.42,   0.0,   0.0715,    0.513,    0.354
    0.80,  -62.43,   0.0,   0.0715,    0.513,    0.355
    0.90,  -62.43,   0.0,   0.0714,    0.513,    0.355
    1.00,  -62.44,   0.0,   0.0713,    0.513,    0.355
    1.10,  -62.45,   0.0,   0.0713,    0.513,    0.355
    1.20,  -62.46,   0.0,   0.0712,    0.512,    0.355
    1.30,  -62.47,   0.0,   0.0711,    0.512,    0.355
    1.40,  -62.48,   0.0,   0.0711,    0.512,    0.355
    1.50,  -62.49,   0.0,    0.071,    0.512,    0.355
    1.60,  -62.50,   0.0,   0.0709,    0.512,    0.355
    1.70,  -62.52,   0.0,   0.0708,    0.512,    0.355
    1.80,  -62.53,   0.0,   0.0707,    0.512,    0.355
    1.90,  -62.54,   0.0,   0.0706,    0.512,    0.355
    2.00,  -62.55,   0.0,   0.0705,    0.512,    0.355
    2.10,  -62.56,   0.0,   0.0704,    0.512,    0.355
    2.20,  -62.58,   0.0,   0.0703,    0.512,    0.355
    2.30,  -62.59,   0.0,   0.0702,    0.512,    0.355
    2.40,  -62.60,   0.0,   0.0701,    0.511,    0.355
    2.50,  -62.61,   0.0,     0.07,    0.511,    0.355
    2.60,  -62.63,   0.0,   0.0699,    0.511,    0.355
    2.70,  -62.64,   0.0,   0.0698,    0.511,    0.355
    2.80,  -62.65,   0.0,   0.0697,    0.511,    0.355
    2.90,  -62.67,   0.0,   0.0696,    0.511,    0.355
    3.00,  -62.68,   0.0,   0.0695,    0.512,    0.355
    3.10,  -62.69,   0.0,   0.0694,    0.512,    0.355
    3.20,  -62.70,   0.0,   0.0693,    0.512,    0.355
    3.30,  -62.71,   0.0,   0.0692,    0.512,    0.355
    3.40,  -62.72,   0.0,   0.0691,    0.512,    0.355
    3.50,  -62.74,   0.0,   0.0691,    0.512,    0.355
    3.60,  -62.75,   0.0,    0.069,    0.512,    0.355
    3.70,  -62.76,   0.0,   0.0689,    0.512,    0.355
    3.80,  -62.77,   0.0,   0.0688,    0.512,    0.355
    3.90,  -62.78,   0.0,   0.0687,    0.512,    0.355
    4.00,  -62.79,   0.0,   0.0686,    0.512,    0.355
    4.10,  -62.79,   0.0,   0.0686,    0.512,    0.354
    4.20,  -62.80,   0.0,   0.0685,    0.512,    0.354
    4.30,  -62.81,   0.0,   0.0684,    0.512,    0.354
    4.40,  -62.82,   0.0,   0.0684,    0.513,    0.354
    4.50,  -62.82,   0.0,   0.0683,    0.513,    0.354
    4.60,  -62.83,   0.0,   0.0682,    0.513,    0.354
    4.70,  -62.84,   0.0,   0.0682,    0.513,    0.354
    4.80,  -62.84,   0.0,   0.0681,    0.513,    0.354
    4.90,  -62.85,   0.0,   0.0681,    0.513,    0.354
    5.00,  -62.85,   0.0,    0.068,    0.513,    0.354
    5.10,  -62.86,   0.0,    0.068,    0.513,    0.354
    5.20,  -62.86,   0.0,    0.068,    0.513,    0.354
    5.30,  -62.86,   0.0,   0.0679,    0.514,    0.354
    5.40,  -62.87,   0.0,   0.0679,    0.514,    0.354
    5.50,  -62.87,   0.0,   0.0679,    0.514,    0.353
    5.60,  -62.87,   0.0,   0.0679,    0.514,    0.353
    5.70,  -62.87,   0.0,   0.0678,    0.514,    0.353
    5.80,  -62.87,   0.0,   0.0678,    0.514,    0.353
    5.90,  -62.87,   0.0,   0.0678,    0.514,    0.353
    6.00,  -62.87,   0.0,   0.0678,    0.514,    0.353
    6.10,  -62.87,   0.0,   0.0678,    0.514,    0.353
    6.20,  -62.87,   0.0,   0.0678,    0.515,    0.353
    6.30,  -62.87,   0.0,   0.0678,    0.515,    0.353
    6.40,  -62.87,   0.0,   0.0678,    0.515,    0.353
    6.50,  -62.87,   0.0,   0.0678,    0.515,    0.353
    6.60,  -62.86,   0.0,   0.0678,    0.515,    0.353
    6.70,  -62.86,   0.0,   0.0678,    0.515,    0.353
    6.80,  -62.86,   0.0,   0.0679,    0.515,    0.353
    6.90,  -62.86,   0.0,   0.0679,    0.515,    0.353
    7.00,  -62.85,   0.0,   0.0679,    0.515,    0.353
    7.10,  -62.85,   0.0,   0.0679,    0.515,    0.352
    7.20,  -62.85,   0.0,    0.068,    0.515,    0.352
    7.30,  -62.84,   0.0,    0.068,    0.516,    0.352
    7.40,  -62.84,   0.0,    0.068,    0.516,    0.352
    7.50,  -62.83,   0.0,    0.068,    0.516,    0.352
    7.60,  -62.83,   0.0,   0.0681,    0.516,    0.352
    7.70,  -62.82,   0.0,   0.0681,    0.516,    0.352
    7.80,  -62.82,   0.0,   0.0682,    0.516,    0.352
    7.90,  -62.81,   0.0,   0.0682,    0.516,    0.352
    8.00,  -62.81,   0.0,   0.0682,    0.516,    0.352
    8.10,  -62.80,   0.0,   0.0683,    0.516,    0.352
    8.20,  -62.80,   0.0,   0.0683,    0.516,    0.352
    8.30,  -62.79,   0.0,   0.0683,    0.516,    0.352
    8.40,  -62.79,   0.0,   0.0684,    0.516,    0.352
    8.50,  -62.78,   0.0,   0.0684,    0.516,    0.352
    8.60,  -62.78,   0.0,   0.0685,    0.516,    0.352
    8.70,  -62.77,   0.0,   0.0685,    0.516,    0.352
    8.80,  -62.76,   0.0,   0.0686,    0.516,    0.352
    8.90,  -62.76,   0.0,   0.0686,    0.516,    0.352
    9.00,  -62.75,   0.0,   0.0686,    0.516,    0.352
    9.10,  -62.75,   0.0,   0.0687,    0.516,    0.352
    9.20,  -62.74,   0.0,   0.0687,    0.516,    0.352
    9.30,  -62.74,   0.0,   0.0688,    0.516,    0.352
    9.40,  -62.73,   0.0,   0.0688,    0.516,    0.352
    9.50,  -62.73,   0.0,   0.0689,    0.516,    0.352
    9.60,  -62.72,   0.0,   0.0689,    0.516,    0.352
    9.70,  -62.72,   0.0,   0.0689,    0.516,    0.352
    9.80,  -62.71,   0.0,    0.069,    0.516,    0.352
    9.90,  -62.71,   0.0,    0.069,    0.516,    0.352
   10.00,  -62.70,   0.0,   0.0691,    0.516,    0.352
   10.10,  -62.70,   0.0,   0.0691,    0.516,    0.352
   10.20,  -62.70,   0.0,   0.0691,    0.516,    0.352
   10.30,  -62.69,   0.0,   0.0692,    0.516,    0.352
   10.40,  -62.69,   0.0,   0.0692,    0.516,    0.353
   10.50,  -62.68,   0.0,   0.0692,    0.516,    0.353
   10.60,  -62.68,   0.0,   0.0693,    0.516,    0.353
   10.70,  -62.68,   0.0,   0.0693,    0.516,    0.353
   10.80,  -62.67,   0.0,   0.0693,    0.516,    0.353
   10.90,  -62.67,   0.0,   0.0693,    0.516,    0.353
   11.00,  -62.67,   0.0,   0.0694,    0.516,    0.353
   11.10,  -62.67,   0.0,   0.0694,    0.516,    0.353
   11.20,  -62.66,   0.0,   0.0694,    0.515,    0.353
   11.30,  -62.66,   0.0,   0.0694,    0.515,    0.353
   11.40,  -62.66,   0.0,   0.0694,    0.515,    0.353
   11.50,  -62.66,   0.0,   0.0695,    0.515,    0.353
   11.60,  -62.66,   0.0,   0.0695,    0.515,    0.353
   11.70,  -62.66,   0.0,   0.0695,    0.515,    0.353
   11.80,  -62.65,   0.0,   0.0695,    0.515,    0.353
   11.90,  -62.65,   0.0,   0.0695,    0.515,    0.353
   12.00,  -62.65,   0.0,   0.0695,    0.515,    0.353
   12.10,  -62.65,   0.0,   0.0695,    0.515,    0.353
   12.20,  -62.65,   0.0,   0.0695,    0.515,    0.353
   12.30,  -62.65,   0.0,   0.0695,    0.515,    0.353
   12.40,  -62.65,   0.0,   0.0695,    0.515,    0.353
   12.50,  -62.65,   0.0,   0.0695,    0.515,    0.353
   12.60,  -62.65,   0.0,   0.0695,    0.515,    0.353
   12.70,  -62.65,   0.0,   0.0695,    0.515,    0.353
   12.80,  -62.65,   0.0,   0.0695,    0.515,    0.353
   12.90,  -61.86,   8.0,   0.0695,    0.515,    0.353
   13.00,  -61.09,   8.0,   0.0727,    0.514,    0.354
   13.10,  -60.33,   8.0,   0.0775,    0.513,    0.354
   13.20,  -59.56,   8.0,   0.0833,    0.511,    0.355
   13.30,  -58.77,   8.0,   0.0898,    0.509,    0.357
   13.40,  -57.93,   8.0,   0.0972,    0.507,    0.359
   13.50,  -57.01,   8.0,    0.105,    0.503,    0.361
   13.60,  -55.99,   8.0,    0.115,    0.499,    0.363
   13.70,  -54.80,   8.0,    0.126,    0.494,    0.366
   13.80,  -53.34,   8.0,    0.139,    0.489,     0.37
   13.90,  -51.46,   8.0,    0.155,    0.482,    0.374
   14.00,  -48.85,   8.0,    0.177,    0.473,    0.379
   14.10,  -44.81,   8.0,    0.208,    0.461,    0.386
   14.20,  -37.68,   8.0,    0.256,    0.444,    0.395
   14.25,  -32.65,   8.0,      0.3,    0.431,    0.402
   14.30,  -24.72,   8.0,    0.358,    0.414,     0.41
   14.32,  -20.03,   8.0,    0.398,    0.402,    0.416
   14.35,  -14.02,   8.0,    0.444,     0.39,    0.423
   14.36,  -10.87,   8.0,    0.471,    0.384,    0.427
   14.37,   -7.35,   8.0,      0.5,    0.377,    0.431
   14.39,   -3.46,   8.0,    0.529,    0.371,    0.436
   14.40,    0.74,   8.0,    0.561,    0.364,    0.441
   14.41,    5.21,   8.0,    0.593,    0.358,    0.446
   14.42,    9.83,   8.0,    0.626,    0.351,    0.452
   14.44,   14.50,   8.0,     0.66,    0.345,    0.458
   14.45,   19.04,   8.0,    0.694,    0.338,    0.465
   14.46,   23.30,   8.0,    0.726,    0.332,    0.472
   14.47,   27.14,   8.0,    0.758,    0.326,    0.479
   14.49,   30.44,   8.0,    0.787,     0.32,    0.487
   14.51,   36.35,   8.0,    0.839,    0.308,    0.503
   14.54,   38.84,   8.0,    0.882,    0.296,    0.519
   14.56,   39.28,   8.0,    0.914,    0.285,    0.535
   14.59,   38.73,   8.0,    0.938,    0.275,    0.551
   14.61,   37.71,   8.0,    0.954,    0.265,    0.566
   14.64,   36.43,   8.0,    0.966,    0.255,     0.58
   14.66,   34.97,   8.0,    0.975,    0.245,    0.593
   14.69,   33.39,   8.0,    0.981,    0.236,    0.606
   14.71,   31.70,   8.0,    0.985,    0.228,    0.618
   14.74,   29.92,   8.0,    0.988,    0.219,     0.63
   14.76,   28.08,   8.0,    0.991,    0.211,    0.641
   14.79,   26.18,   8.0,    0.992,    0.203,    0.651
   14.81,   24.24,   8.0,    0.993,    0.196,     0.66
   14.84,   22.27,   8.0,    0.994,    0.188,    0.669
   14.86,   20.27,   8.0,    0.994,    0.181,    0.678
   14.89,   18.26,   8.0,    0.994,    0.175,    0.686
   14.91,   16.25,   8.0,    0.994,    0.168,    0.693
   14.94,   14.24,   8.0,    0.994,    0.162,      0.7
   14.96,   12.23,   8.0,    0.993,    0.156,    0.707
   14.99,   10.24,   8.0,    0.992,     0.15,    0.713
   15.01,    8.25,   8.0,    0.992,    0.145,    0.719
   15.04,    6.29,   8.0,    0.991,     0.14,    0.724
   15.06,    4.34,   8.0,    0.989,    0.135,    0.729
   15.09,    2.42,   8.0,    0.988,     0.13,    0.733
   15.11,    0.52,   8.0,    0.987,    0.125,    0.738
   15.14,   -1.35,   8.0,    0.985,    0.121,    0.742
   15.16,   -3.20,   8.0,    0.983,    0.117,    0.745
   15.19,   -5.03,   8.0,    0.981,    0.112,    0.749
   15.21,   -6.83,   8.0,    0.978,    0.109,    0.752
   15.24,   -8.60,   8.0,    0.975,    0.105,    0.754
   15.26,  -10.34,   8.0,    0.972,    0.101,    0.757
   15.29,  -12.06,   8.0,    0.968,   0.0981,    0.759
   15.31,  -13.76,   8.0,    0.964,   0.0949,    0.761
   15.34,  -15.43,   8.0,     0.96,   0.0919,    0.763
   15.36,  -17.08,   8.0,    0.955,   0.0891,    0.765
   15.39,  -18.70,   8.0,    0.949,   0.0865,    0.766
   15.41,  -20.31,   8.0,    0.943,   0.0841,    0.768
   15.44,  -21.89,   8.0,    0.936,   0.0818,    0.769
   15.46,  -23.46,   8.0,    0.929,   0.0796,     0.77
   15.49,  -25.01,   8.0,    0.921,   0.0777,     0.77
   15.51,  -26.54,   8.0,    0.912,   0.0759,    0.771
   15.56,  -30.99,   8.0,    0.892,   0.0727,    0.772
   15.61,  -34.20,   8.0,    0.865,   0.0703,    0.771
   15.66,  -37.41,   8.0,    0.833,   0.0686,     0.77
   15.71,  -40.72,   8.0,    0.794,   0.0676,    0.769
   15.76,  -44.17,   8.0,    0.749,   0.0672,    0.767
   15.81,  -47.82,   8.0,    0.695,   0.0675,    0.764
   15.86,  -51.66,   8.0,    0.632,   0.0685,    0.761
   15.91,  -55.63,   8.0,     0.56,   0.0702,    0.757
   15.96,  -59.53,   8.0,    0.478,   0.0726,    0.753
   16.01,  -63.05,   8.0,     0.39,   0.0759,    0.747
   16.11,  -70.12,   8.0,    0.227,    0.084,    0.736
   16.21,  -70.74,   8.0,   0.0938,    0.096,    0.723
   16.31,  -70.76,   8.0,   0.0474,    0.108,    0.711
   16.41,  -70.68,   8.0,   0.0329,     0.12,    0.698
   16.51,  -70.59,   8.0,   0.0285,    0.132,    0.686
   16.61,  -70.49,   8.0,   0.0274,    0.143,    0.674
   16.71,  -70.39,   8.0,   0.0273,    0.155,    0.663
   16.81,  -70.28,   8.0,   0.0275,    0.166,    0.652
   16.91,  -70.16,   8.0,   0.0278,    0.176,    0.641
   17.01,  -70.04,   8.0,   0.0281,    0.187,     0.63
   17.11,  -69.92,   8.0,   0.0285,    0.197,     0.62
   17.21,  -69.79,   8.0,    0.029,    0.207,     0.61
   17.31,  -69.65,   8.0,   0.0294,    0.216,    0.601
   17.41,  -69.51,   8.0,   0.0299,    0.226,    0.592
   17.51,  -69.37,   8.0,   0.0304,    0.235,    0.583
   17.61,  -69.22,   8.0,    0.031,    0.244,    0.574
   17.71,  -69.06,   8.0,   0.0315,    0.252,    0.566
   17.81,  -68.90,   8.0,   0.0321,    0.261,    0.557
   17.91,  -68.74,   8.0,   0.0327,    0.269,     0.55
   18.01,  -68.57,   8.0,   0.0334,    0.277,    0.542
   18.11,  -68.40,   8.0,   0.0341,    0.284,    0.535
   18.21,  -68.22,   8.0,   0.0348,    0.292,    0.528
   18.31,  -68.04,   8.0,   0.0355,    0.299,    0.521
   18.41,  -67.85,   8.0,   0.0363,    0.306,    0.514
   18.51,  -67.66,   8.0,   0.0371,    0.313,    0.508
   18.61,  -67.46,   8.0,    0.038,    0.319,    0.502
   18.71,  -67.27,   8.0,   0.0388,    0.325,    0.496
   18.81,  -67.07,   8.0,   0.0398,    0.331,     0.49
   18.91,  -66.86,   8.0,   0.0407,    0.337,    0.485
   19.01,  -66.66,   8.0,   0.0417,    0.343,    0.479
   19.11,  -66.45,   8.0,   0.0427,    0.348,    0.474
   19.21,  -66.23,   8.0,   0.0438,    0.353,    0.469
   19.31,  -66.02,   8.0,   0.0449,    0.358,    0.465
   19.41,  -65.80,   8.0,    0.046,    0.363,     0.46
   19.51,  -65.58,   8.0,   0.0472,    0.368,    0.456
   19.61,  -65.36,   8.0,   0.0484,    0.372,    0.452
   19.71,  -65.14,   8.0,   0.0497,    0.376,    0.448
   19.81,  -64.91,   8.0,    0.051,     0.38,    0.445
   19.91,  -64.69,   8.0,   0.0524,    0.384,    0.441
   20.01,  -64.46,   8.0,   0.0537,    0.387,    0.438
   20.11,  -64.23,   8.0,   0.0552,    0.391,    0.435
   20.21,  -64.00,   8.0,   0.0566,    0.394,    0.432
   20.31,  -63.77,   8.0,   0.0581,    0.397,    0.429
   20.41,  -63.54,   8.0,   0.0597,      0.4,    0.427
   20.51,  -63.30,   8.0,   0.0613,    0.402,    0.424
   20.61,  -63.07,   8.0,   0.0629,    0.405,    0.422
   20.71,  -62.84,   8.0,   0.0646,    0.407,     0.42
   20.81,  -62.60,   8.0,   0.0664,    0.409,    0.418
   20.91,  -62.36,   8.0,   0.0681,    0.411,    0.416
   21.01,  -62.12,   8.0,     0.07,    0.412,    0.415
   21.11,  -61.88,   8.0,   0.0719,    0.414,    0.413
   21.21,  -61.64,   8.0,   0.0738,    0.415,    0.412
   21.31,  -61.40,   8.0,   0.0758,    0.416,    0.411
   21.41,  -61.15,   8.0,   0.0779,    0.417,     0.41
   21.51,  -60.90,   8.0,     0.08,    0.418,    0.409
   21.61,  -60.65,   8.0,   0.0822,    0.419,    0.408
   21.71,  -60.40,   8.0,   0.0844,    0.419,    0.407
   21.81,  -60.14,   8.0,   0.0868,    0.419,    0.407
   21.91,  -59.87,   8.0,   0.0892,    0.419,    0.407
   22.01,  -59.60,   8.0,   0.0918,    0.419,    0.406
   22.11,  -59.33,   8.0,   0.0944,    0.419,    0.406
   22.21,  -59.04,   8.0,   0.0972,    0.418,    0.406
   22.31,  -58.75,   8.0,      0.1,    0.418,    0.406
   22.41,  -58.44,   8.0,    0.103,    0.417,    0.407
   22.51,  -58.12,   8.0,    0.106,    0.416,    0.407
   22.61,  -57.78,   8.0,     0.11,    0.415,    0.408
   22.71,  -57.42,   8.0,    0.114,    0.413,    0.408
   22.81,  -57.04,   8.0,    0.118,    0.411,    0.409
   22.91,  -56.62,   8.0,    0.122,    0.409,     0.41
   23.01,  -56.17,   8.0,    0.127,    0.407,    0.412
   23.11,  -55.66,   8.0,    0.132,    0.405,    0.413
   23.21,  -55.09,   8.0,    0.138,    0.402,    0.415
   23.31,  -54.42,   8.0,    0.145,    0.398,    0.416
   23.41,  -53.63,   8.0,    0.153,    0.395,    0.419
   23.51,  -52.66,   8.0,    0.163,     0.39,    0.421
   23.61,  -51.43,   8.0,    0.175,    0.385,    0.424
   23.71,  -49.78,   8.0,     0.19,    0.379,    0.428
   23.81,  -47.44,   8.0,    0.211,    0.372,    0.432
   23.91,  -43.83,   8.0,    0.241,    0.362,    0.438
   24.01,  -37.62,   8.0,    0.286,    0.349,    0.445
   24.11,  -25.28,   8.0,    0.364,    0.328,    0.457
   24.14,  -22.25,   8.0,    0.402,    0.319,    0.462
   24.16,  -18.24,   8.0,    0.444,     0.31,    0.467
   24.19,  -13.16,   8.0,    0.489,    0.301,    0.474
   24.21,   -7.02,   8.0,    0.539,    0.291,    0.481
   24.24,    0.08,   8.0,    0.593,    0.281,    0.489
   24.26,    7.75,   8.0,    0.651,    0.271,    0.499
   24.29,   15.32,   8.0,     0.71,    0.261,    0.509
   24.31,   21.96,   8.0,    0.766,    0.251,    0.521
   24.34,   26.94,   8.0,    0.817,    0.242,    0.534
   24.36,   30.04,   8.0,     0.86,    0.233,    0.548
   24.39,   31.45,   8.0,    0.894,    0.224,    0.561
   24.41,   31.65,   8.0,     0.92,    0.216,    0.575
   24.44,   31.05,   8.0,     0.94,    0.208,    0.588
   24.46,   29.95,   8.0,    0.954,      0.2,      0.6
   24.49,   28.55,   8.0,    0.965,    0.193,    0.612
   24.51,   26.93,   8.0,    0.973,    0.186,    0.623
   24.54,   25.18,   8.0,    0.978,    0.179,    0.634
   24.56,   23.32,   8.0,    0.982,    0.172,    0.644
   24.59,   21.38,   8.0,    0.985,    0.166,    0.653
   24.61,   19.39,   8.0,    0.987,     0.16,    0.662
   24.64,   17.37,   8.0,    0.989,    0.154,     0.67
   24.66,   15.32,   8.0,     0.99,    0.148,    0.678
   24.69,   13.26,   8.0,     0.99,    0.143,    0.685
   24.71,   11.20,   8.0,     0.99,    0.138,    0.692
   24.74,    9.15,   8.0,     0.99,    0.133,    0.698
   24.76,    7.11,   8.0,    0.989,    0.128,    0.704
   24.79,    5.08,   8.0,    0.989,    0.123,     0.71
   24.81,    3.08,   8.0,    0.988,    0.119,    0.715
   24.84,    1.10,   8.0,    0.986,    0.114,     0.72
   24.86,   -0.85,   8.0,    0.985,     0.11,    0.724
   24.89,   -2.78,   8.0,    0.983,    0.106,    0.728
   24.91,   -4.68,   8.0,    0.981,    0.103,    0.732
   24.94,   -6.55,   8.0,    0.978,   0.0993,    0.735
   24.96,   -8.39,   8.0,    0.976,   0.0959,    0.739
   24.99,  -10.19,   8.0,    0.972,   0.0927,    0.742
   25.01,  -11.97,   8.0,    0.969,   0.0897,    0.744
   25.04,  -13.72,   8.0,    0.965,   0.0868,    0.747
   25.06,  -15.44,   8.0,     0.96,   0.0841,    0.749
   25.09,  -17.14,   8.0,    0.955,   0.0816,    0.751
   25.11,  -18.80,   8.0,     0.95,   0.0792,    0.752
   25.14,  -20.45,   8.0,    0.943,    0.077,    0.754
   25.16,  -22.06,   8.0,    0.936,   0.0749,    0.755
   25.19,  -23.66,   8.0,    0.929,    0.073,    0.756
   25.24,  -28.20,   8.0,    0.912,   0.0695,    0.758
   25.29,  -31.47,   8.0,    0.889,   0.0668,    0.759
   25.34,  -34.64,   8.0,    0.861,   0.0648,    0.759
   25.39,  -37.85,   8.0,    0.828,   0.0634,    0.758
   25.44,  -41.13,   8.0,    0.789,   0.0627,    0.757
   25.49,  -44.56,   8.0,    0.742,   0.0625,    0.755
   25.54,  -48.15,   8.0,    0.688,    0.063,    0.752
   25.59,  -51.91,   8.0,    0.625,   0.0641,    0.749
   25.64,  -55.76,   8.0,    0.552,   0.0659,    0.745
   25.69,  -59.52,   8.0,    0.471,   0.0684,    0.741
   25.74,  -62.92,   8.0,    0.384,   0.0717,    0.736
   25.84,  -69.66,   8.0,    0.226,   0.0799,    0.725
   25.94,  -70.60,   8.0,    0.097,   0.0916,    0.713
   26.04,  -70.67,   8.0,    0.049,    0.104,      0.7
   26.14,  -70.60,   8.0,   0.0336,    0.116,    0.688
   26.24,  -70.51,   8.0,    0.029,    0.128,    0.676
   26.34,  -70.41,   8.0,   0.0277,    0.139,    0.665
   26.44,  -70.30,   8.0,   0.0276,     0.15,    0.654
   26.54,  -70.19,   8.0,   0.0278,    0.161,    0.643
   26.64,  -70.07,   8.0,   0.0281,    0.172,    0.632
   26.74,  -69.94,   8.0,   0.0285,    0.182,    0.622
   26.84,  -69.81,   8.0,   0.0289,    0.192,    0.612
   26.94,  -69.68,   8.0,   0.0294,    0.202,    0.603
   27.04,  -69.54,   8.0,   0.0298,    0.212,    0.593
   27.14,  -69.40,   8.0,   0.0303,    0.221,    0.584
   27.24,  -69.25,   8.0,   0.0309,     0.23,    0.576
   27.34,  -69.09,   8.0,   0.0314,    0.239,    0.567
   27.44,  -68.93,   8.0,    0.032,    0.248,    0.559
   27.54,  -68.77,   8.0,   0.0326,    0.256,    0.551
   27.64,  -68.60,   8.0,   0.0333,    0.264,    0.543
   27.74,  -68.43,   8.0,   0.0339,    0.272,    0.536
   27.84,  -68.25,   8.0,   0.0346,     0.28,    0.529
   27.94,  -68.07,   8.0,   0.0354,    0.287,    0.522
   28.04,  -67.89,   8.0,   0.0362,    0.295,    0.515
   28.14,  -67.70,   8.0,    0.037,    0.302,    0.509
   28.24,  -67.50,   8.0,   0.0378,    0.308,    0.503
   28.34,  -67.31,   8.0,   0.0387,    0.315,    0.497
   28.44,  -67.11,   8.0,   0.0396,    0.321,    0.491
   28.54,  -66.90,   8.0,   0.0405,    0.327,    0.486
   28.64,  -66.70,   8.0,   0.0415,    0.333,     0.48
   28.74,  -66.49,   8.0,   0.0425,    0.338,    0.475
   28.84,  -66.27,   8.0,   0.0436,    0.344,     0.47
   28.94,  -66.06,   8.0,   0.0447,    0.349,    0.466
   29.04,  -65.84,   8.0,   0.0458,    0.354,    0.461
   29.14,  -65.63,   8.0,    0.047,    0.359,    0.457
   29.24,  -65.40,   8.0,   0.0482,    0.363,    0.453
   29.34,  -65.18,   8.0,   0.0495,    0.367,    0.449
   29.44,  -64.96,   8.0,   0.0507,    0.372,    0.445
   29.54,  -64.73,   8.0,   0.0521,    0.375,    0.442
   29.64,  -64.51,   8.0,   0.0534,    0.379,    0.439
   29.74,  -64.28,   8.0,   0.0549,    0.383,    0.436
   29.84,  -64.05,   8.0,   0.0563,    0.386,    0.433
   29.94,  -63.82,   8.0,   0.0578,    0.389,     0.43
   30.04,  -63.59,   8.0,   0.0593,    0.392,    0.427
   30.14,  -63.36,   8.0,   0.0609,    0.395,    0.425
   30.24,  -63.12,   8.0,   0.0626,    0.397,    0.423
   30.34,  -62.89,   8.0,   0.0642,      0.4,     0.42
   30.44,  -62.66,   8.0,   0.0659,    0.402,    0.419
   30.54,  -62.42,   8.0,   0.0677,    0.404,    0.417
   30.64,  -62.18,   8.0,   0.0695,    0.406,    0.415
   30.74,  -61.94,   8.0,   0.0714,    0.407,    0.414
   30.84,  -61.70,   8.0,   0.0733,    0.409,    0.412
   30.94,  -61.46,   8.0,   0.0753,     0.41,    0.411
   31.04,  -61.22,   8.0,   0.0773,    0.411,     0.41
   31.14,  -60.97,   8.0,   0.0794,    0.412,    0.409
   31.24,  -60.73,   8.0,   0.0816,    0.413,    0.408
   31.34,  -60.47,   8.0,   0.0838,    0.414,    0.407
   31.44,  -60.22,   8.0,   0.0861,    0.414,    0.407
   31.54,  -59.96,   8.0,   0.0885,    0.414,    0.407
   31.64,  -59.69,   8.0,    0.091,    0.414,    0.406
   31.74,  -59.42,   8.0,   0.0936,    0.414,    0.406
   31.84,  -59.14,   8.0,   0.0963,    0.414,    0.406
   31.94,  -58.85,   8.0,   0.0991,    0.413,    0.406
   32.04,  -58.56,   8.0,    0.102,    0.413,    0.406
   32.14,  -58.25,   8.0,    0.105,    0.412,    0.407
   32.24,  -57.92,   8.0,    0.109,    0.411,    0.407
   32.34,  -57.58,   8.0,    0.112,    0.409,    0.408
   32.44,  -57.21,   8.0,    0.116,    0.408,    0.409
   32.54,  -56.81,   8.0,     0.12,    0.406,     0.41
   32.64,  -56.38,   8.0,    0.125,    0.404,    0.411
   32.74,  -55.91,   8.0,     0.13,    0.402,    0.412
   32.84,  -55.38,   8.0,    0.135,    0.399,    0.414
   32.94,  -54.77,   8.0,    0.142,    0.396,    0.415
   33.04,  -54.06,   8.0,    0.149,    0.393,    0.417
   33.14,  -53.21,   8.0,    0.158,    0.389,     0.42
   33.24,  -52.15,   8.0,    0.168,    0.384,    0.422
   33.34,  -50.78,   8.0,    0.182,    0.379,    0.426
   33.44,  -48.90,   8.0,    0.199,    0.372,     0.43
   33.54,  -46.15,   8.0,    0.223,    0.364,    0.434
   33.64,  -41.75,   8.0,    0.258,    0.353,    0.441
   33.74,  -33.77,   8.0,    0.313,    0.338,    0.449
   33.79,  -28.37,   8.0,    0.364,    0.325,    0.457
   33.84,  -20.05,   8.0,    0.428,     0.31,    0.465
   33.86,  -15.46,   8.0,    0.471,    0.301,    0.471
   33.89,   -9.81,   8.0,    0.519,    0.291,    0.478
   33.91,   -3.15,   8.0,    0.571,    0.281,    0.486
   33.94,    4.26,   8.0,    0.627,    0.271,    0.495
   33.96,   11.88,   8.0,    0.685,    0.261,    0.505
   33.99,   18.95,   8.0,    0.743,    0.252,    0.517
   34.01,   24.66,   8.0,    0.796,    0.242,    0.529
   34.04,   28.56,   8.0,    0.842,    0.234,    0.542
   34.06,   30.68,   8.0,     0.88,    0.225,    0.556
   34.09,   31.37,   8.0,    0.909,    0.217,    0.569
   34.11,   31.09,   8.0,    0.931,    0.208,    0.582
   34.14,   30.19,   8.0,    0.948,    0.201,    0.595
   34.16,   28.91,   8.0,     0.96,    0.193,    0.607
   34.19,   27.38,   8.0,    0.969,    0.186,    0.618
   34.21,   25.68,   8.0,    0.976,    0.179,    0.629
   34.24,   23.85,   8.0,     0.98,    0.173,    0.639
   34.26,   21.94,   8.0,    0.984,    0.166,    0.649
   34.29,   19.97,   8.0,    0.986,     0.16,    0.658
   34.31,   17.95,   8.0,    0.988,    0.154,    0.666
   34.34,   15.91,   8.0,    0.989,    0.149,    0.674
   34.36,   13.85,   8.0,     0.99,    0.143,    0.682
   34.39,   11.78,   8.0,     0.99,    0.138,    0.689
   34.41,    9.72,   8.0,     0.99,    0.133,    0.695
   34.44,    7.67,   8.0,    0.989,    0.128,    0.701
   34.46,    5.64,   8.0,    0.989,    0.123,    0.707
   34.49,    3.62,   8.0,    0.988,    0.119,    0.712
   34.51,    1.63,   8.0,    0.987,    0.115,    0.717
   34.54,   -0.34,   8.0,    0.985,    0.111,    0.722
   34.56,   -2.28,   8.0,    0.983,    0.107,    0.726
   34.59,   -4.19,   8.0,    0.981,    0.103,     0.73
   34.61,   -6.07,   8.0,    0.979,   0.0994,    0.733
   34.64,   -7.92,   8.0,    0.976,    0.096,    0.737
   34.66,   -9.74,   8.0,    0.973,   0.0928,     0.74
   34.69,  -11.53,   8.0,     0.97,   0.0898,    0.742
   34.71,  -13.29,   8.0,    0.966,   0.0869,    0.745
   34.74,  -15.03,   8.0,    0.961,   0.0842,    0.747
   34.76,  -16.73,   8.0,    0.956,   0.0816,    0.749
   34.79,  -18.41,   8.0,    0.951,   0.0792,    0.751
   34.81,  -20.06,   8.0,    0.945,    0.077,    0.752
   34.84,  -21.68,   8.0,    0.938,   0.0749,    0.754
   34.86,  -23.29,   8.0,    0.931,   0.0729,    0.755
   34.91,  -27.84,   8.0,    0.915,   0.0694,    0.757
   34.96,  -31.12,   8.0,    0.892,   0.0667,    0.758
   35.01,  -34.29,   8.0,    0.864,   0.0647,    0.758
   35.06,  -37.49,   8.0,    0.832,   0.0632,    0.757
   35.11,  -40.76,   8.0,    0.793,   0.0624,    0.756
   35.16,  -44.16,   8.0,    0.748,   0.0622,    0.754
   35.21,  -47.73,   8.0,    0.694,   0.0626,    0.752
   35.26,  -51.46,   8.0,    0.632,   0.0636,    0.749
   35.31,  -55.30,   8.0,    0.561,   0.0653,    0.745
   35.36,  -59.08,   8.0,     0.48,   0.0678,    0.741
   35.41,  -62.52,   8.0,    0.394,    0.071,    0.736
   35.51,  -69.52,   8.0,    0.235,   0.0789,    0.725
   35.61,  -70.57,   8.0,    0.101,   0.0907,    0.713
   35.71,  -70.66,   8.0,   0.0504,    0.103,      0.7
   35.81,  -70.60,   8.0,   0.0341,    0.115,    0.688
   35.91,  -70.51,   8.0,   0.0291,    0.127,    0.676
   36.01,  -70.41,   8.0,   0.0278,    0.138,    0.665
   36.11,  -70.30,   8.0,   0.0276,    0.149,    0.654
   36.21,  -70.19,   8.0,   0.0278,     0.16,    0.643
   36.31,  -70.07,   8.0,   0.0281,    0.171,    0.632
   36.41,  -69.94,   8.0,   0.0285,    0.181,    0.622
   36.51,  -69.81,   8.0,   0.0289,    0.192,    0.612
   36.61,  -69.68,   8.0,   0.0294,    0.202,    0.603
   36.71,  -69.54,   8.0,   0.0298,    0.211,    0.593
   36.81,  -69.40,   8.0,   0.0303,    0.221,    0.584
   36.91,  -69.25,   8.0,   0.0309,     0.23,    0.576
   37.01,  -69.09,   8.0,   0.0314,    0.239,    0.567
   37.11,  -68.93,   8.0,    0.032,    0.247,    0.559
   37.21,  -68.77,   8.0,   0.0326,    0.256,    0.551
   37.31,  -68.60,   8.0,   0.0333,    0.264,    0.543
   37.41,  -68.43,   8.0,   0.0339,    0.272,    0.536
   37.51,  -68.25,   8.0,   0.0346,    0.279,    0.529
   37.61,  -68.07,   8.0,   0.0354,    0.287,    0.522
   37.71,  -67.88,   8.0,   0.0362,    0.294,    0.515
   37.81,  -67.70,   8.0,    0.037,    0.301,    0.509
   37.91,  -67.50,   8.0,   0.0378,    0.308,    0.503
   38.01,  -67.31,   8.0,   0.0387,    0.314,    0.497
   38.11,  -67.11,   8.0,   0.0396,     0.32,    0.491
   38.21,  -66.90,   8.0,   0.0405,    0.326,    0.486
   38.31,  -66.70,   8.0,   0.0415,    0.332,     0.48
   38.41,  -66.49,   8.0,   0.0425,    0.338,    0.475
   38.51,  -66.27,   8.0,   0.0436,    0.343,     0.47
   38.61,  -66.06,   8.0,   0.0447,    0.348,    0.466
   38.71,  -65.84,   8.0,   0.0458,    0.353,    0.461
   38.81,  -65.62,   8.0,    0.047,    0.358,    0.457
   38.91,  -65.40,   8.0,   0.0482,    0.363,    0.453
   39.01,  -65.18,   8.0,   0.0495,    0.367,    0.449
   39.11,  -64.96,   8.0,   0.0507,    0.371,    0.445
   39.21,  -64.73,   8.0,   0.0521,    0.375,    0.442
   39.31,  -64.51,   8.0,   0.0534,    0.379,    0.439
   39.41,  -64.28,   8.0,   0.0549,    0.382,    0.436
   39.51,  -64.05,   8.0,   0.0563,    0.386,    0.433
   39.61,  -63.82,   8.0,   0.0578,    0.389,     0.43
   39.71,  -63.59,   8.0,   0.0593,    0.392,    0.427
   39.81,  -63.36,   8.0,   0.0609,    0.394,    0.425
   39.91,  -63.12,   8.0,   0.0626,    0.397,    0.423
   40.01,  -62.89,   8.0,   0.0642,    0.399,     0.42
   40.11,  -62.66,   8.0,   0.0659,    0.402,    0.418
   40.21,  -62.42,   8.0,   0.0677,    0.404,    0.417
   40.31,  -62.18,   8.0,   0.0695,    0.405,    0.415
   40.41,  -61.95,   8.0,   0.0714,    0.407,    0.414
   40.51,  -61.71,   8.0,   0.0733,    0.408,    0.412
   40.61,  -61.46,   8.0,   0.0753,     0.41,    0.411
   40.71,  -61.22,   8.0,   0.0773,    0.411,     0.41
   40.81,  -60.97,   8.0,   0.0794,    0.412,    0.409
   40.91,  -60.73,   8.0,   0.0816,    0.413,    0.408
   41.01,  -60.47,   8.0,   0.0838,    0.413,    0.407
   41.11,  -60.22,   8.0,   0.0861,    0.414,    0.407
   41.21,  -59.96,   8.0,   0.0885,    0.414,    0.407
   41.31,  -59.69,   8.0,    0.091,    0.414,    0.406
   41.41,  -59.42,   8.0,   0.0935,    0.414,    0.406
   41.51,  -59.14,   8.0,   0.0962,    0.413,    0.406
   41.61,  -58.86,   8.0,   0.0991,    0.413,    0.406
   41.71,  -58.56,   8.0,    0.102,    0.412,    0.406
   41.81,  -58.25,   8.0,    0.105,    0.411,    0.407
   41.91,  -57.92,   8.0,    0.109,     0.41,    0.407
   42.01,  -57.58,   8.0,    0.112,    0.409,    0.408
   42.11,  -57.21,   8.0,    0.116,    0.408,    0.409
   42.21,  -56.82,   8.0,     0.12,    0.406,     0.41
   42.31,  -56.39,   8.0,    0.125,    0.404,    0.411
   42.41,  -55.92,   8.0,     0.13,    0.401,    0.412
   42.51,  -55.39,   8.0,    0.135,    0.399,    0.414
   42.61,  -54.79,   8.0,    0.142,    0.396,    0.415
   42.71,  -54.08,   8.0,    0.149,    0.392,    0.417
   42.81,  -53.23,   8.0,    0.158,    0.389,     0.42
   42.91,  -52.18,   8.0,    0.168,    0.384,    0.422
   43.01,  -50.82,   8.0,    0.181,    0.379,    0.426
   43.11,  -48.96,   8.0,    0.198,    0.372,    0.429
   43.21,  -46.24,   8.0,    0.222,    0.364,    0.434
   43.31,  -41.90,   8.0,    0.256,    0.354,     0.44
   43.41,  -34.06,   8.0,    0.311,    0.338,    0.449
   43.46,  -28.78,   8.0,    0.361,    0.326,    0.456
   43.51,  -20.64,   8.0,    0.424,    0.311,    0.465
   43.54,  -16.14,   8.0,    0.467,    0.301,    0.471
   43.56,  -10.59,   8.0,    0.513,    0.292,    0.477
   43.59,   -4.03,   8.0,    0.565,    0.282,    0.485
   43.61,    3.32,   8.0,     0.62,    0.272,    0.494
   43.64,   10.96,   8.0,    0.679,    0.262,    0.504
   43.66,   18.13,   8.0,    0.736,    0.253,    0.515
   43.69,   24.04,   8.0,     0.79,    0.243,    0.528
   43.71,   28.16,   8.0,    0.837,    0.234,    0.541
   43.74,   30.48,   8.0,    0.876,    0.226,    0.554
   43.76,   31.32,   8.0,    0.906,    0.217,    0.568
   43.79,   31.13,   8.0,    0.929,    0.209,    0.581
   43.81,   30.30,   8.0,    0.946,    0.201,    0.593
   43.84,   29.05,   8.0,    0.959,    0.194,    0.605
   43.86,   27.55,   8.0,    0.968,    0.187,    0.617
   43.89,   25.86,   8.0,    0.975,     0.18,    0.628
   43.91,   24.05,   8.0,     0.98,    0.173,    0.638
   43.94,   22.14,   8.0,    0.984,    0.167,    0.648
   43.96,   20.18,   8.0,    0.986,    0.161,    0.657
   43.99,   18.16,   8.0,    0.988,    0.155,    0.665
   44.01,   16.12,   8.0,    0.989,    0.149,    0.673
   44.04,   14.06,   8.0,     0.99,    0.144,    0.681
   44.06,   12.00,   8.0,     0.99,    0.138,    0.688
   44.09,    9.94,   8.0,     0.99,    0.133,    0.695
   44.11,    7.88,   8.0,    0.989,    0.128,    0.701
   44.14,    5.85,   8.0,    0.989,    0.124,    0.706
   44.16,    3.83,   8.0,    0.988,    0.119,    0.712
   44.19,    1.83,   8.0,    0.987,    0.115,    0.717
   44.21,   -0.14,   8.0,    0.985,    0.111,    0.721
   44.24,   -2.08,   8.0,    0.984,    0.107,    0.725
   44.26,   -3.99,   8.0,    0.982,    0.103,    0.729
   44.29,   -5.88,   8.0,    0.979,   0.0997,    0.733
   44.31,   -7.73,   8.0,    0.977,   0.0963,    0.736
   44.34,   -9.56,   8.0,    0.974,   0.0931,    0.739
   44.36,  -11.35,   8.0,     0.97,     0.09,    0.742
   44.39,  -13.12,   8.0,    0.966,   0.0871,    0.745
   44.41,  -14.85,   8.0,    0.962,   0.0844,    0.747
   44.44,  -16.56,   8.0,    0.957,   0.0818,    0.749
   44.46,  -18.24,   8.0,    0.952,   0.0794,    0.751
   44.49,  -19.89,   8.0,    0.946,   0.0771,    0.752
   44.51,  -21.52,   8.0,    0.939,    0.075,    0.753
   44.54,  -23.12,   8.0,    0.931,   0.0731,    0.755
   44.59,  -27.69,   8.0,    0.916,   0.0695,    0.757
   44.64,  -30.96,   8.0,    0.893,   0.0668,    0.757
   44.69,  -34.14,   8.0,    0.866,   0.0647,    0.758
   44.74,  -37.33,   8.0,    0.833,   0.0633,    0.757
   44.79,  -40.60,   8.0,    0.795,   0.0624,    0.756
   44.84,  -43.99,   8.0,     0.75,   0.0621,    0.754
   44.89,  -47.55,   8.0,    0.697,   0.0625,    0.752
   44.94,  -51.27,   8.0,    0.635,   0.0635,    0.749
   44.99,  -55.11,   8.0,    0.564,   0.0652,    0.745
   45.04,  -58.89,   8.0,    0.484,   0.0676,    0.741
   45.09,  -62.36,   8.0,    0.399,   0.0708,    0.736
   45.19,  -69.46,   8.0,    0.239,   0.0787,    0.725
   45.29,  -70.56,   8.0,    0.103,   0.0904,    0.713
   45.39,  -70.66,   8.0,    0.051,    0.103,    0.701
   45.49,  -70.60,   8.0,   0.0343,    0.115,    0.688
   45.59,  -70.51,   8.0,   0.0292,    0.126,    0.677
   45.69,  -70.41,   8.0,   0.0278,    0.138,    0.665
   45.79,  -70.30,   8.0,   0.0276,    0.149,    0.654
   45.89,  -70.19,   8.0,   0.0278,     0.16,    0.643
   45.99,  -70.07,   8.0,   0.0281,    0.171,    0.632
   46.09,  -69.94,   8.0,   0.0285,    0.181,    0.622
   46.19,  -69.82,   8.0,   0.0289,    0.191,    0.612
   46.29,  -69.68,   8.0,   0.0293,    0.201,    0.603
   46.39,  -69.54,   8.0,   0.0298,    0.211,    0.593
   46.49,  -69.40,   8.0,   0.0303,     0.22,    0.584
   46.59,  -69.25,   8.0,   0.0309,    0.229,    0.576
   46.69,  -69.09,   8.0,   0.0314,    0.238,    0.567
   46.79,  -68.94,   8.0,    0.032,    0.247,    0.559
   46.89,  -68.77,   8.0,   0.0326,    0.255,    0.551
   46.99,  -68.60,   8.0,   0.0333,    0.264,    0.543
   47.09,  -68.43,   8.0,   0.0339,    0.271,    0.536
   47.19,  -68.25,   8.0,   0.0346,    0.279,    0.529
   47.29,  -68.07,   8.0,   0.0354,    0.287,    0.522
   47.39,  -67.89,   8.0,   0.0361,    0.294,    0.515
   47.49,  -67.70,   8.0,   0.0369,    0.301,    0.509
   47.59,  -67.51,   8.0,   0.0378,    0.307,    0.503
   47.69,  -67.31,   8.0,   0.0387,    0.314,    0.497
   47.79,  -67.11,   8.0,   0.0396,     0.32,    0.491
   47.89,  -66.91,   8.0,   0.0405,    0.326,    0.486
   47.99,  -66.70,   8.0,   0.0415,    0.332,     0.48
   48.09,  -66.49,   8.0,   0.0425,    0.338,    0.475
   48.19,  -66.28,   8.0,   0.0436,    0.343,     0.47
   48.29,  -66.06,   8.0,   0.0447,    0.348,    0.466
   48.39,  -65.85,   8.0,   0.0458,    0.353,    0.461
   48.49,  -65.63,   8.0,    0.047,    0.358,    0.457
   48.59,  -65.41,   8.0,   0.0482,    0.362,    0.453
   48.69,  -65.19,   8.0,   0.0494,    0.367,    0.449
   48.79,  -64.96,   8.0,   0.0507,    0.371,    0.446
   48.89,  -64.74,   8.0,    0.052,    0.375,    0.442
   48.99,  -64.51,   8.0,   0.0534,    0.379,    0.439
   49.09,  -64.28,   8.0,   0.0548,    0.382,    0.436
   49.19,  -64.05,   8.0,   0.0563,    0.385,    0.433
   49.29,  -63.82,   8.0,   0.0578,    0.389,     0.43
   49.39,  -63.59,   8.0,   0.0593,    0.392,    0.427
   49.49,  -63.36,   8.0,   0.0609,    0.394,    0.425
   49.59,  -63.13,   8.0,   0.0625,    0.397,    0.423
   49.69,  -62.89,   8.0,   0.0642,    0.399,     0.42
   49.79,  -62.66,   8.0,   0.0659,    0.401,    0.419
   49.89,  -62.42,   8.0,   0.0677,    0.403,    0.417
   49.99,  -62.19,   8.0,   0.0695,    0.405,    0.415
   50.09,  -61.95,   8.0,   0.0713,    0.407,    0.414
   50.19,  -61.71,   8.0,   0.0733,    0.408,    0.412
   50.29,  -61.47,   8.0,   0.0752,     0.41,    0.411
   50.39,  -61.23,   8.0,   0.0773,    0.411,     0.41
   50.49,  -60.98,   8.0,   0.0794,    0.412,    0.409
   50.59,  -60.73,   8.0,   0.0815,    0.413,    0.408
   50.69,  -60.48,   8.0,   0.0837,    0.413,    0.407
   50.79,  -60.22,   8.0,    0.086,    0.414,    0.407
   50.89,  -59.96,   8.0,   0.0884,    0.414,    0.407
   50.99,  -59.70,   8.0,   0.0909,    0.414,    0.406
   51.09,  -59.43,   8.0,   0.0935,    0.414,    0.406
   51.19,  -59.15,   8.0,   0.0962,    0.413,    0.406
   51.29,  -58.86,   8.0,    0.099,    0.413,    0.406
   51.39,  -58.56,   8.0,    0.102,    0.412,    0.406
   51.49,  -58.25,   8.0,    0.105,    0.411,    0.407
   51.59,  -57.93,   8.0,    0.108,     0.41,    0.407
   51.69,  -57.59,   8.0,    0.112,    0.409,    0.408
   51.79,  -57.22,   8.0,    0.116,    0.408,    0.409
   51.89,  -56.83,   8.0,     0.12,    0.406,     0.41
   51.99,  -56.40,   8.0,    0.124,    0.404,    0.411
   52.09,  -55.93,   8.0,    0.129,    0.401,    0.412
   52.19,  -55.40,   8.0,    0.135,    0.399,    0.414
   52.29,  -54.80,   8.0,    0.141,    0.396,    0.415
   52.39,  -54.10,   8.0,    0.149,    0.393,    0.417
   52.49,  -53.25,   8.0,    0.157,    0.389,     0.42
   52.59,  -52.20,   8.0,    0.168,    0.384,    0.422
   52.69,  -50.85,   8.0,    0.181,    0.379,    0.426
   52.79,  -49.00,   8.0,    0.198,    0.372,    0.429
   52.89,  -46.31,   8.0,    0.221,    0.364,    0.434
   52.99,  -42.01,   8.0,    0.256,    0.354,     0.44
   53.09,  -34.28,   8.0,     0.31,    0.339,    0.449
   53.14,  -29.08,   8.0,    0.359,    0.326,    0.456
   53.19,  -21.07,   8.0,    0.421,    0.311,    0.465
   53.21,  -16.63,   8.0,    0.463,    0.302,     0.47
   53.24,  -11.15,   8.0,    0.509,    0.293,    0.477
   53.26,   -4.66,   8.0,     0.56,    0.283,    0.484
   53.29,    2.64,   8.0,    0.616,    0.273,    0.493
   53.31,   10.28,   8.0,    0.674,    0.263,    0.503
   53.34,   17.53,   8.0,    0.731,    0.253,    0.514
   53.36,   23.58,   8.0,    0.786,    0.244,    0.527
   53.39,   27.87,   8.0,    0.833,    0.235,     0.54
   53.41,   30.33,   8.0,    0.873,    0.226,    0.553
   53.44,   31.28,   8.0,    0.904,    0.218,    0.566
   53.46,   31.17,   8.0,    0.927,     0.21,     0.58
   53.49,   30.38,   8.0,    0.945,    0.202,    0.592
   53.51,   29.17,   8.0,    0.958,    0.195,    0.604
   53.54,   27.68,   8.0,    0.968,    0.187,    0.616
   53.56,   26.00,   8.0,    0.975,     0.18,    0.627
   53.59,   24.20,   8.0,     0.98,    0.174,    0.637
   53.61,   22.31,   8.0,    0.983,    0.167,    0.647
   53.64,   20.34,   8.0,    0.986,    0.161,    0.656
   53.66,   18.33,   8.0,    0.988,    0.155,    0.665
   53.69,   16.29,   8.0,    0.989,    0.149,    0.673
   53.71,   14.24,   8.0,     0.99,    0.144,     0.68
   53.74,   12.17,   8.0,     0.99,    0.139,    0.687
   53.76,   10.11,   8.0,     0.99,    0.134,    0.694
   53.79,    8.06,   8.0,    0.989,    0.129,      0.7
   53.81,    6.02,   8.0,    0.989,    0.124,    0.706
   53.84,    4.00,   8.0,    0.988,     0.12,    0.711
   53.86,    2.00,   8.0,    0.987,    0.115,    0.716
   53.89,    0.03,   8.0,    0.985,    0.111,    0.721
   53.91,   -1.92,   8.0,    0.984,    0.107,    0.725
   53.94,   -3.84,   8.0,    0.982,    0.104,    0.729
   53.96,   -5.72,   8.0,    0.979,      0.1,    0.733
   53.99,   -7.58,   8.0,    0.977,   0.0966,    0.736
   54.01,   -9.41,   8.0,    0.974,   0.0934,    0.739
   54.04,  -11.20,   8.0,     0.97,   0.0903,    0.742
   54.06,  -12.97,   8.0,    0.967,   0.0874,    0.744
   54.09,  -14.71,   8.0,    0.962,   0.0846,    0.747
   54.11,  -16.42,   8.0,    0.957,    0.082,    0.749
   54.14,  -18.10,   8.0,    0.952,   0.0796,     0.75
   54.16,  -19.75,   8.0,    0.946,   0.0773,    0.752
   54.19,  -21.39,   8.0,    0.939,   0.0752,    0.753
   54.21,  -22.99,   8.0,    0.932,   0.0732,    0.755
   54.26,  -27.56,   8.0,    0.916,   0.0697,    0.756
   54.31,  -30.84,   8.0,    0.894,   0.0669,    0.757
   54.36,  -34.02,   8.0,    0.867,   0.0648,    0.758
   54.41,  -37.21,   8.0,    0.835,   0.0633,    0.757
   54.46,  -40.47,   8.0,    0.797,   0.0624,    0.756
   54.51,  -43.85,   8.0,    0.752,   0.0621,    0.754
   54.56,  -47.40,   8.0,    0.699,   0.0625,    0.752
   54.61,  -51.12,   8.0,    0.638,   0.0635,    0.749
   54.66,  -54.96,   8.0,    0.567,   0.0651,    0.745
   54.71,  -58.75,   8.0,    0.488,   0.0675,    0.741
   54.76,  -62.23,   8.0,    0.402,   0.0707,    0.736
   54.86,  -69.42,   8.0,    0.242,   0.0785,    0.726
   54.96,  -70.56,   8.0,    0.104,   0.0901,    0.713
   55.06,  -70.66,   8.0,   0.0515,    0.102,    0.701
   55.16,  -70.60,   8.0,   0.0344,    0.114,    0.689
   55.26,  -70.51,   8.0,   0.0292,    0.126,    0.677
   55.36,  -70.41,   8.0,   0.0278,    0.138,    0.665
   55.46,  -70.30,   8.0,   0.0276,    0.149,    0.654
